008CY5SRHBLM.jpg,53,87,455,299,3
00YP9PQEC4A9.jpg,263,112,423,226,3
0178DFJL75X3.jpg,17,77,605,376,3
03PE8M1LKA1G.jpg,57,87,475,226,1
045ITO6I2GPG.jpg,36,33,524,244,1
04EN6KIM1W6D.jpg,7,52,79,124,3;55,12,157,200,3
04N6KYFDTBUX.jpg,69,40,568,270,2
051540V1DZV0.jpg,118,39,386,304,3
05O4RQIF5CSJ.jpg,15,56,490,328,3
063T1P87N2UF.jpg,51,30,602,346,2
06B53CBLVHGK.jpg,16,18,551,361,2
06D206F0OS0R.jpg,36,112,673,536,3
06WAUAXURDC6.jpg,114,83,612,337,3
08LY7SS0O9JP.jpg,7,140,199,236,1;175,150,275,202,1;249,144,500,250,1
09CYFEC1FSDV.jpg,44,66,571,397,2
09S60T7Y0252.jpg,23,97,617,311,0
0AL642VPYDA4.jpg,7,3,373,200,3
0AXHYXBNS4UP.jpg,67,12,491,321,3
0BLDPFLLU6J7.jpg,1,211,358,380,0;156,171,495,329,1
0BNFNDX49ZWP.jpg,37,47,436,351,3
0C8GPL22N2FX.jpg,130,49,568,299,0
0CX41UX731P2.jpg,211,5,640,426,3
0D55QBXNOQOO.jpg,0,145,141,360,3
0DQPTFFW9GR8.jpg,17,1,639,210,2
0DYUIEVE4429.jpg,26,34,462,297,1
0E4D9VR4GQ8L.jpg,10,35,234,170,3
0E82PNK86EDX.jpg,2,12,236,187,0;15,0,500,313,0
0E8CBWNKQEEN.jpg,35,26,290,358,0;378,28,621,358,0
0GE1C5W9HX50.jpg,187,690,408,854,2
0HIZZ1RN46DB.jpg,0,76,321,384,1
0IDL6WJQKOGS.jpg,26,106,268,208,3;372,110,621,213,3;173,133,462,258,3
0JB9KG4ZYJT8.jpg,22,45,481,328,3
0JO4BHVK0R3S.jpg,58,78,479,308,1
0KE3S5200Y1Y.jpg,18,15,299,220,2
0KPK6MR5085Q.jpg,213,89,532,292,3
0LJ4G2CNRNVZ.jpg,35,38,665,406,0
0LJ5GBWFZ3C1.jpg,47,92,551,381,3
0LRLYPVMSD5O.jpg,275,132,382,242,3
0M4Q9JI62COX.jpg,3,11,237,310,3;190,20,505,315,3;442,42,600,321,3
0MHAY6DR8XSA.jpg,5,1,403,353,1
0NIE993K3UAS.jpg,79,176,985,710,3
0P1D8PEQNO05.jpg,0,157,48,250,3;41,168,139,280,3;113,175,270,335,3
0Q40FC30YUGJ.jpg,51,47,436,315,0
0QPX6IE6V70F.jpg,89,38,585,294,2
0QUVKICGNI8F.jpg,22,74,474,282,1
0S24NNCUZ8QN.jpg,4,24,439,236,1
0SQ14712GC69.jpg,211,80,394,299,1;401,139,500,245,1
0STRDNXDQ9QZ.jpg,75,58,497,263,1
0U5FHLYGNFLT.jpg,66,52,740,338,1
0V01IL862V2O.jpg,20,156,313,345,3;240,171,371,301,3;0,197,72,369,3
0V5WYLOHBKWK.jpg,18,130,616,477,2
0V61QMEDZ5Y6.jpg,228,436,2192,1400,1
0V71PYPYUL1E.jpg,301,194,889,610,3
0VU1BU2P6B21.jpg,32,49,481,335,3
0WUGGOXR9K1R.jpg,76,42,393,391,1
0Z0OT4S8A5I2.jpg,28,124,192,264,3
0Z43H8WPUMB2.jpg,43,52,580,417,3
0ZSAICPLXB2H.jpg,64,31,499,318,1
0ZXYHRUPLWU3.jpg,14,111,255,280,3;275,149,368,262,3;428,96,640,268,3
101XFHM8OHIV.jpg,6,48,578,401,2
1086XBM7DJR5.jpg,34,4,467,328,3
10LQ7Y7C3XUT.jpg,62,200,265,363,3;294,170,547,394,3
117MD0E9FD7S.jpg,45,73,690,476,1
11GQ2J7KDPSK.jpg,54,29,447,288,3
129U4OAZW9QD.jpg,81,154,777,489,3
130LLSRF35J1.jpg,103,70,361,361,1
135WHKM71Q59.jpg,21,146,306,326,3;242,171,371,309,3;0,192,73,344,3
13DN6I11P3CZ.jpg,31,195,580,510,2
14VNNRGKCB8L.jpg,26,102,479,319,1
162XWQ50U0X9.jpg,26,101,640,356,2
16K0BW4N759S.jpg,60,0,336,167,0
17SNS23RDQ9W.jpg,15,119,140,225,2;151,107,270,244,2
192L7ZFARAW9.jpg,162,288,375,500,1;123,184,241,298,1;128,132,214,195,1
19B9OJITVE7O.jpg,14,73,485,296,1
19BGETVECKSQ.jpg,2,3,510,381,3
19Z52J33GC3N.jpg,97,220,344,357,1
1AMKW86EJFO9.jpg,35,97,350,307,2
1BPPUKPCBCFZ.jpg,237,141,455,276,0
1BS4W35W9I76.jpg,23,90,293,286,2
1C4VSI665LUE.jpg,128,158,421,415,0;485,130,573,365,0;532,149,640,425,0
1C8KG3N7FQDX.jpg,327,14,500,356,3
1CK9BJ2JD2T8.jpg,41,7,630,346,2
1DG18PNLMQFS.jpg,187,95,372,199,1
1DR79GL0HZYT.jpg,140,31,590,323,2
1E2ZYQOF31D5.jpg,67,18,376,300,0
1FGDD9HRJNL6.jpg,4,5,560,360,3
1FI2HBLZJ188.jpg,5,5,439,250,3
1HVYJ5DQUDAV.jpg,45,56,482,290,1
1IQAVVNH0VTN.jpg,37,100,447,327,2
1J02GPR4O4TQ.jpg,64,104,553,321,3
1J2EYUH63ZEZ.jpg,155,29,531,426,0
1J6GN2BUDXKZ.jpg,15,100,363,455,1
1JJCGL9O4OQO.jpg,43,98,609,423,2
1JMSJIP315X6.jpg,54,44,686,400,1
1JNN8V0AH4OY.jpg,16,88,461,339,1
1K1TTECMS04M.jpg,31,12,623,343,3
1K3UUEYK5IVI.jpg,122,170,419,309,1
1K42GKMTXNDG.jpg,279,51,782,570,1
1KR8YOLXJJEI.jpg,45,79,471,280,3
1LBA7HSEB08B.jpg,31,34,460,344,2
1LFW9RCI7ETD.jpg,13,34,456,318,2
1LQQX69790WZ.jpg,34,57,764,495,3
1M8R58WFITQU.jpg,51,83,450,319,1;0,102,84,303,1;439,124,500,272,1
1NRMAHTF147I.jpg,0,57,282,374,1;229,91,403,271,1;368,114,424,202,1;410,127,461,194,1;446,135,481,198,1
1ODT53IZZQSX.jpg,6,123,385,356,3
1PRZBSP7WXZB.jpg,63,148,666,504,3
1R1FDWWYH674.jpg,7,33,451,286,1
1R8EKFJN6XGI.jpg,141,10,640,344,3;5,5,279,313,3
1SCGZCSZF16H.jpg,184,79,436,228,3;102,89,262,210,3;76,88,171,188,3;59,92,127,178,3;16,105,79,194,3
1SFGEVYMG4CV.jpg,0,91,637,412,1
1SILMKVQGDLX.jpg,71,133,211,220,1
1SX8506IEAGK.jpg,148,190,347,300,0;235,125,471,241,1;84,136,232,236,1
1T0S0CPOQWEO.jpg,46,26,466,323,3;0,0,114,237,3
1T2ICQA4SP4P.jpg,13,91,358,233,1
1TTUMQ0KIZOQ.jpg,23,141,621,399,3
1U4CCQY3TA7R.jpg,50,34,370,242,3
1VETOSRLNF1Y.jpg,127,52,633,415,3
1VPL4JAEC5WK.jpg,52,11,1920,2058,3
1VSSVIAZV529.jpg,90,33,398,289,3
1X6LLL9RJXNF.jpg,188,101,363,289,1
1XD1U0XQ0ZHO.jpg,135,14,412,318,1
1XNGBUTUISAS.jpg,11,49,623,395,3
1Z5USHQH0P9F.jpg,91,74,945,683,1
1ZLVGDZQ0HXE.jpg,16,5,180,146,3
1ZR561QCHDWC.jpg,12,88,596,378,2
20EEPPQU7SRN.jpg,75,1,573,214,3
20KNC0E9CVWZ.jpg,31,10,580,310,3
20MKJZ08TU8U.jpg,39,26,639,371,2
239YEGP04ATH.jpg,20,80,497,336,3
23H08BRG5JRK.jpg,19,34,494,334,0
23SHTGARZB5M.jpg,19,46,491,349,3
23VDAQNQ7HV9.jpg,69,55,468,279,3
23W3F1QSKB7V.jpg,53,69,441,299,1
242XI0DQPMO1.jpg,77,6,254,213,3
249SEWLZI7ER.jpg,41,52,477,289,1
24QV6YHOFGQX.jpg,3,96,191,306,1
25I7PFZKOKCG.jpg,22,26,415,347,1
26O9BSVUB4YQ.jpg,6,102,324,333,1;250,126,346,325,1;308,144,389,286,1;362,141,422,281,1;404,156,460,273,1;437,168,487,254,1
26ZZJ0UJLD95.jpg,58,75,615,462,1
274K59FE7Z7J.jpg,43,41,633,434,0
27I586CPU7VN.jpg,0,98,356,278,0
29N4BH292EJF.jpg,0,0,775,502,3
2BDONY5F0SRS.jpg,67,41,540,287,3
2BKI5KM8BF48.jpg,49,22,422,341,1
2CN34QMDHDYT.jpg,30,68,448,318,0
2DDCME8BXYV3.jpg,44,33,537,339,3
2EPS8VM5F07U.jpg,14,65,546,368,3
2F2PCLEWOWAD.jpg,55,146,732,470,3
2FAKBS1XTDZC.jpg,49,55,444,301,3
2G79VBQZZ3EU.jpg,346,163,499,326,0
2J4GTQU8HHZG.jpg,18,58,446,340,1
2JJRQ20RI1DZ.jpg,155,370,1018,1167,1
2LL35GAJHXXW.jpg,68,36,451,328,3
2LSRYJ816I4J.jpg,31,65,427,263,1
2MPATE22IEL5.jpg,80,91,590,310,3
2MVR6IEUMZO9.jpg,74,99,568,378,0
2NFUSVQJAFAK.jpg,5,56,229,304,1;202,106,400,285,1;376,142,485,269,1;457,160,500,269,1
2O98WCCXQWJV.jpg,34,92,733,394,1
2OBRKIJAN433.jpg,198,28,513,264,0;397,16,588,230,0
2PJAI260XEJG.jpg,19,34,388,322,1
2PX4QGJ4TEH7.jpg,82,130,425,362,1
2QUOS5YIY21P.jpg,8,50,640,385,3
2QXCYDJLY81V.jpg,95,98,503,322,0
2R7WMBYHMEZ9.jpg,26,72,418,347,1
2RV5K4EVIU05.jpg,95,75,579,355,3
2TFKKFZ2CJB4.jpg,6,9,399,238,3
2TQ6IDSIT7K8.jpg,32,42,555,357,0
2TYABIK9T8QV.jpg,46,87,442,320,1
2VP77IFS698X.jpg,42,17,507,356,1
2W6G6BPBPKVN.jpg,26,104,471,317,0
2WEBSHXC3A5D.jpg,91,95,640,425,3
2WZPVE5KE6RE.jpg,70,8,576,339,3
2XAP5WTT8NDR.jpg,309,65,640,426,0;194,74,363,263,0
2ZF6VOKGQEZM.jpg,280,110,406,199,3
2ZHUVSJ3G3SM.jpg,51,4,448,196,0
2ZV6DQT25EMV.jpg,168,68,500,302,3
30KETJUDY06C.jpg,80,133,314,253,0;199,106,437,239,1
31C99ZUH51PP.jpg,128,28,487,277,1;16,69,164,200,0
32CALDYCIOFX.jpg,32,88,308,281,3
33255PFO0XEW.jpg,22,77,537,409,3
337ZZXYZENZN.jpg,17,55,509,309,0
3395GIGHURQ5.jpg,75,19,437,263,3
33QP13YIKKBQ.jpg,31,48,620,349,0
35T3KXWHOIDI.jpg,52,57,353,206,1
365V41IXALUO.jpg,132,58,545,280,2
36AR2QGPX58W.jpg,404,110,1212,1059,3
36EY1YLFL65B.jpg,134,44,186,117,3
36VKCPOXDONY.jpg,86,132,585,370,3
371RAS5PQQ93.jpg,61,84,421,274,3
37UIMNNW8EV7.jpg,263,0,633,172,3
380NITMG5747.jpg,60,16,568,246,3
389SEJXJK8DZ.jpg,25,98,634,456,3
38ME413D5VP1.jpg,13,144,243,289,3
39VFB0DF4ZDX.jpg,2,30,600,345,2
39WVTHG0LZL2.jpg,7,70,412,296,0
3A1CKP4J6DUM.jpg,32,34,436,363,3
3A7MW9WW469P.jpg,147,78,372,263,3
3ARONKAKTQ1J.jpg,66,61,676,458,1
3AYQH7JFXB8D.jpg,11,6,636,241,3
3CVLVG9W1HB6.jpg,40,110,553,306,3
3DM1AW6HMR9U.jpg,0,0,607,501,0
3DPV20PV7TY4.jpg,32,98,452,292,3
3E5IVP3YI0I2.jpg,210,107,500,280,1
3EGUJ67WIX3I.jpg,15,36,639,284,0
3EN47N6JSSJN.jpg,37,86,315,217,2
3ES4NMC0U5IF.jpg,34,56,483,373,3
3FD9I5MMB1SL.jpg,36,47,449,316,3
3FMHDXC12RV3.jpg,153,198,500,361,1;3,197,128,350,1
3GOHJTQ84DY5.jpg,7,24,255,161,2
3H6R0C3Y24H1.jpg,361,100,424,146,2;421,96,458,134,2
3HQPK6H3B31V.jpg,135,132,357,263,1;380,143,496,218,1
3IHI2NVD3ST5.jpg,28,115,990,531,3
3IK1NLE425V4.jpg,52,97,696,434,3
3J0QIG8LYK1C.jpg,144,104,539,277,3
3J1VN1BYYY5C.jpg,49,85,468,285,0
3JW0HOEKLP4N.jpg,51,77,443,279,2
3KJTHCQZZ985.jpg,88,42,360,293,1
3L2QS4M2136W.jpg,95,51,294,272,1
3LPX6LVC11UH.jpg,24,69,300,249,2
3M0OPLO7YV1J.jpg,80,81,416,281,3
3NXLZ89UWMKJ.jpg,192,231,313,312,3
3ORKC1QI1QH5.jpg,114,146,489,296,0
3PPKV44T0Y4K.jpg,28,67,604,385,0
3QKQ106UVVB8.jpg,56,53,640,480,2
3QTOCOF268JV.jpg,45,78,500,494,3
3R1RO58SHUHW.jpg,37,41,457,293,3
3R7JN51MX8ZA.jpg,5,143,966,664,3
3RPPPZRT7R13.jpg,183,1,572,256,3;10,5,230,205,3
3RZNC7MRXSTV.jpg,42,64,460,312,3
3S2ZR4VBTVZG.jpg,56,46,452,305,3
3S92MGCLLVTH.jpg,178,31,361,225,0
3SE8KKU2B037.jpg,19,36,374,405,0
3U871CKUB7O9.jpg,73,65,498,366,3
3UIA0GF4JIOP.jpg,35,28,400,300,1
3UJ4YSYP6L27.jpg,199,182,610,375,3
3UL3KHRD3SYU.jpg,46,83,579,324,3
3V8Z684KWNTT.jpg,8,68,500,329,3
3VPK6BZ7AA81.jpg,183,126,500,300,1;37,69,376,216,1
3WIFUGMIQ0R9.jpg,111,29,640,325,3
3WJAAJCAE9WV.jpg,17,20,639,316,3
3X6UD4UEF9S8.jpg,77,53,430,284,1;20,125,122,228,1
3Y5TX1EAEBV0.jpg,14,117,542,358,3
3YZ48AE5EMK7.jpg,34,33,479,317,3
3ZRPQA52IL3Q.jpg,116,434,2513,1528,3
40N8TZXKTO5F.jpg,39,26,484,324,1
40V1V0D4BTQN.jpg,7,2,588,291,2
41D6UG0WY58T.jpg,13,62,377,503,3
41FSD7TVLZCT.jpg,16,75,481,297,1
42ITTHILT2AD.jpg,127,183,1807,1303,0
42KR0BMNT17C.jpg,5,0,326,358,2
449LS0IYJMS8.jpg,135,56,469,300,1
4508CVLS0DRU.jpg,160,86,575,372,0
4553TZC8LFYX.jpg,59,28,564,272,3
459U81GCQ5JJ.jpg,109,143,302,328,3
45JBA0674R5B.jpg,59,71,238,161,3
45M2DH8GP17G.jpg,53,49,562,347,3
45NWOXBFU6KI.jpg,67,17,452,327,3
46C1283U5Q6R.jpg,148,86,480,298,3;436,153,552,265,3
46HQ9P2WIYKD.jpg,28,33,474,338,3
46NVQD0ZGOJM.jpg,38,33,639,358,2
46T3QCT3O3SV.jpg,17,45,442,331,3
4797HWB9WTLR.jpg,105,87,477,318,1
47GQYTK4KS1G.jpg,333,12,638,133,1;199,27,278,131,1;94,33,136,93,2
47VA8Z7IBMSA.jpg,53,124,602,436,0
49B6EM08TLYQ.jpg,211,100,469,348,1
49C1NH3TVCT3.jpg,12,25,443,320,1
49DVIA7ZALTA.jpg,113,165,626,351,0
49QAD2GWN4YG.jpg,33,79,629,361,0
4AAZZ9078EH9.jpg,156,22,500,300,3
4AFI5JQ9ZAXT.jpg,7,7,840,628,1
4BNQ6B5B6ZC0.jpg,62,0,603,270,0
4C7QBBDZUL7B.jpg,31,106,607,364,3
4CJ26APNDZI2.jpg,42,33,451,338,1
4D9E0VSVWGRA.jpg,48,83,426,268,1
4DCBE9VPPSQH.jpg,189,102,466,300,1;85,100,237,246,1
4DMR68ZUBAA1.jpg,82,119,1131,767,3
4DSY934UODFU.jpg,72,84,375,287,1;360,94,464,208,1
4DVBY5EUUZ2Q.jpg,54,40,472,339,3
4E0ES7DP5GWR.jpg,28,47,479,301,1
4EHEO8A188CP.jpg,35,109,451,309,3
4F5IT2D58SA3.jpg,27,46,581,404,1
4FYUTH6N3G0V.jpg,0,87,624,411,3
4GLWKF81ZF9C.jpg,58,22,586,345,2
4H21KGK3GGOU.jpg,3,3,640,246,3
4HDDW7NBZ14V.jpg,0,113,492,371,3
4HEY777KK2FV.jpg,199,110,592,332,3
4HKYBY5HCO0I.jpg,71,69,399,423,2
4IN1D4RUUTYC.jpg,45,2,469,342,3
4JHXYH6DQHXH.jpg,45,58,456,299,3
4JSKR0MOR85W.jpg,180,75,516,286,3
4N2LA6EZCT2T.jpg,41,44,625,310,0
4NBZ7OELSD7D.jpg,69,0,481,337,0
4NMQZ0A15DWN.jpg,103,49,419,331,3
4NYSS5U9O7SU.jpg,5,118,800,556,3
4ONEM7YQV1VD.jpg,80,104,438,343,0
4OU9VKLSJS34.jpg,15,161,629,383,0
4PI5WZ08IC4K.jpg,10,57,295,254,0
4PJSVO21K1QU.jpg,11,102,613,480,0
4PRBSK232AKH.jpg,336,362,899,712,1
4PTSTCU1W5S1.jpg,6,103,347,306,0
4Q71N28B4O2R.jpg,5,50,493,320,0
4RMYISIIY6OP.jpg,71,39,394,354,3
4S8FT0GV2E7H.jpg,73,16,471,361,3
4SBSDT12EKH1.jpg,66,38,430,344,1;312,79,499,245,0
4SG9J5G9Y5TV.jpg,6,26,619,300,1
4SN1NKZSYETV.jpg,18,105,156,252,3;147,123,289,242,3;253,126,383,235,3;355,141,473,242,3
4T4PRQ2ZEVVF.jpg,19,71,457,288,3
4U1P8X2PLZEN.jpg,59,215,306,376,3
4UFD1AAKQKMX.jpg,48,58,449,261,3
4UUY5CMI9LRZ.jpg,87,39,741,313,3
4V19XCSM4MLJ.jpg,21,98,619,445,0
4V6Z92VACJT8.jpg,47,42,602,373,3
4VFL9SIWDRB1.jpg,12,88,562,326,0
4W7FMMMRHZW4.jpg,62,178,247,270,0
4WDPH9YH322R.jpg,19,34,466,316,1
4WN927DT1TAF.jpg,0,125,615,350,0
4WPBPS0VPVC0.jpg,77,36,561,305,3
4X4MFUDYEK92.jpg,95,53,889,595,3
4X79Z5X9C39C.jpg,1,3,241,279,3;6,10,416,515,3
4XUWP8Z0SKZ2.jpg,11,42,623,336,2
4Y0WGHZKK3AL.jpg,213,68,449,217,3;25,64,286,213,3
4Y2L2G0Z4R5U.jpg,3,60,489,375,3
4Y4IZZUR4HVM.jpg,21,76,431,559,3
505XT0SI4ZGS.jpg,157,74,615,340,3
50AQ2G4TRUVO.jpg,11,74,537,398,3
519MW6X0ZG7T.jpg,6,199,448,373,2
5252PLRGJ1G0.jpg,68,107,383,328,1
52LPBN569F8N.jpg,13,27,459,318,3
52WQ1BEREWAA.jpg,36,72,550,376,3
538MZU1RLBNL.jpg,128,36,249,173,3;69,50,150,148,3
545QTK824A5P.jpg,53,50,640,359,2
54B79HG0LQ8X.jpg,22,53,464,473,3
54P4BM1RAJGZ.jpg,86,115,410,254,1
577U6MML3JDF.jpg,82,60,325,207,1
57WO0XFCYUMT.jpg,151,112,533,274,0
58H2TT26R73I.jpg,1,237,316,370,3;337,230,636,383,3
58U2MNB3MT2R.jpg,279,116,460,213,0;327,54,460,142,0
58W23UB2JK3O.jpg,65,71,940,598,0
59PPQL2EEFHZ.jpg,77,52,601,354,0
59W5DAC6ZY21.jpg,98,44,617,327,3
5BTC5GO5M73K.jpg,109,39,516,464,2
5BXY3LRNT9IE.jpg,133,148,375,263,1
5CPBEAX4V7CI.jpg,18,58,476,311,1
5E9QGXF4YLJ5.jpg,29,73,499,299,3
5FAJQN1KIF0B.jpg,210,131,462,263,0;49,101,263,286,0;353,143,480,215,0
5FVXK774VSO8.jpg,6,81,636,453,2
5FZKKDAWM6ME.jpg,20,157,169,260,3;134,144,293,229,3;285,133,431,235,3
5FZXZVIVTSCJ.jpg,96,76,471,306,1
5G80TZ95P4ZU.jpg,56,104,624,333,0
5GV9C69RAKA4.jpg,40,113,351,251,0;286,103,371,229,0;385,123,410,197,0;366,128,399,218,0
5H0579FAPUMN.jpg,26,49,500,292,1
5HDDI3D5V9YV.jpg,23,54,463,325,3
5I5YIJR9EGK1.jpg,32,59,620,416,0;474,41,624,164,0;537,134,640,228,0
5IXAQWRZW6QD.jpg,34,90,607,288,0
5JZDRV92DF4Q.jpg,242,191,476,334,0
5K127C9RW986.jpg,49,20,799,601,3
5KIY2ZO228UY.jpg,35,80,619,348,3
5KXFT7V09308.jpg,60,133,474,332,3
5L03OXTOKFGN.jpg,20,1,633,304,0
5L1XF9FFZ055.jpg,37,81,500,373,0
5LGQSD1PRWUG.jpg,57,8,485,350,3
5LWLW1CYQ99Q.jpg,56,321,2156,1477,3
5MFSZB8ZHW4B.jpg,57,93,449,337,3
5MLM7V3VF0U0.jpg,35,11,365,222,3
5MOA1T78JYJ3.jpg,137,168,721,502,3
5MV97LFMLTW1.jpg,29,92,487,254,0
5NYTPUHUQCEW.jpg,40,20,467,355,3
5ONYHJEOB7JT.jpg,45,82,477,303,3
5OOPPZJVUF0K.jpg,45,30,449,299,1
5OROTOJ8JOJV.jpg,66,147,296,232,2
5P4KCXOPFT9R.jpg,96,88,457,273,0
5PJCIA0B4AVF.jpg,53,42,524,428,3
5PV9AIPH9E7F.jpg,34,71,217,261,3
5QOGO916EGFB.jpg,201,116,439,230,0
5QT0WUEANYLZ.jpg,69,80,385,286,3
5RENA3XN4BU2.jpg,109,94,512,338,3
5UN8QBAZ1ECD.jpg,42,29,615,318,2
5V8ONLF6ZRUJ.jpg,35,69,629,380,0
5VP9M97YSADC.jpg,4,2,491,366,0
5X6TIE3BPT7B.jpg,52,13,573,266,0
5Y89G4RC8HQO.jpg,19,124,275,312,0;255,110,469,317,0
5YJUKLACM3E6.jpg,29,117,800,594,3
5ZE10WC65ZQ2.jpg,17,47,857,1060,3
61DK0XT6TVGT.jpg,51,84,585,337,0
62ZV98COG4TE.jpg,75,23,604,332,0
633PZZEFNT22.jpg,16,75,602,365,3
63H17H33KXHS.jpg,29,44,640,307,3
6484IFBSC1PX.jpg,79,10,536,263,0
64D10VX4JBMP.jpg,66,143,384,312,1
65930UWOR3RF.jpg,22,77,574,336,0
65KZC3WLABT3.jpg,26,71,494,375,1
66YWPXDW6OYQ.jpg,109,90,466,300,3
673XV4E23W0Z.jpg,49,99,758,463,1
677OG86OKNHK.jpg,144,167,1924,1197,3
67AK0IGLFV4R.jpg,34,178,134,278,0;168,196,264,283,0;282,192,366,279,0;395,202,470,278,0
67V5BZBAZSLQ.jpg,71,18,413,311,3
68I3BCYJHYI1.jpg,200,110,424,251,1
68MWB9SZQ31P.jpg,23,69,626,336,0
68QORIPIJK98.jpg,233,111,2480,1761,3
697O5GXR8TSX.jpg,18,12,496,328,3
6A1SDMJKHCU2.jpg,11,16,447,375,1
6A2F5SSIQF0R.jpg,218,25,500,287,1
6AU5AXLCOSWI.jpg,24,76,489,347,1
6AUXJJO7EFMQ.jpg,94,31,706,496,3
6BJUFHJCNOHY.jpg,4,74,419,378,3
6BMVTMRRPT29.jpg,32,15,481,328,3
6CACL1ON5RIS.jpg,61,95,380,347,1
6CFCPOQMDKY9.jpg,101,25,478,316,1;5,22,143,289,1
6D0N6FT756EE.jpg,71,132,883,556,1
6DJDTDO7WVJN.jpg,2,0,386,285,2
6DYFVT4H10FZ.jpg,133,40,642,660,3
6DYGZ8KB70WN.jpg,70,49,591,380,3
6EAQBNOAVI1M.jpg,75,13,607,324,3
6ECOHAW2OYEO.jpg,84,70,441,317,3
6FJ8MBLV0NRP.jpg,45,57,446,325,1
6HCXQRUKHU22.jpg,199,126,483,247,1
6HSWINIK9U4N.jpg,26,53,322,432,3
6HSZJ3SWQWIL.jpg,34,143,255,305,3;201,122,456,276,3;384,134,621,272,3
6J6HXTJLR31O.jpg,39,15,614,263,0
6KTV7RKYC5HP.jpg,50,103,549,350,3
6L43R3VEMF2A.jpg,459,245,999,482,3
6NI3CIGXN2NX.jpg,126,138,372,242,3
6OQ5W40Q1MR4.jpg,87,58,482,305,3
6OW7BL2841JM.jpg,183,83,357,217,0
6Q3THS6E8MRK.jpg,48,79,481,307,1
6QOSLZSL9YST.jpg,49,90,258,184,2
6T1TW69WHHLR.jpg,31,75,476,315,1
6T8UVIF1OT9A.jpg,55,71,599,257,3
6UQQ1YYZBBBO.jpg,84,0,372,300,3;59,43,131,175,3;319,58,436,187,3
6V16EI4NHWFD.jpg,56,146,750,449,3
6V9W96OFKLBQ.jpg,0,75,419,279,3
6W8WT0AFJFZX.jpg,195,112,413,293,3;61,113,210,266,3
6XIT2EJEJ5P6.jpg,71,15,442,360,3
6Y0XDR7TLROA.jpg,50,10,187,148,3
6YBIYSQQXQCV.jpg,47,16,598,359,2
6Z3TVJT98RPL.jpg,32,261,630,531,2
6Z6MVR4LVR0R.jpg,26,56,459,299,1
6ZGBZR8GD8R0.jpg,30,68,454,293,1
6ZMQIKK1F89D.jpg,44,40,471,306,3
6ZXW8O2V2ETJ.jpg,36,33,630,309,2
71960NZC3UHC.jpg,0,0,294,235,2
71D0LL0B39DZ.jpg,0,0,584,454,2
71NA4QE0PXLR.jpg,20,114,609,380,2
71U9S47EMHTJ.jpg,69,131,513,360,2
720ZIISI2YVD.jpg,52,69,500,339,1
7255C0G86CEF.jpg,7,70,640,379,1
72CKA7CMUOHH.jpg,37,65,596,372,0
73JPNHB5Y76L.jpg,75,17,640,334,3
74S2MVZWHUF2.jpg,76,162,1009,717,3
74Y8G0N5DRCX.jpg,22,11,635,238,0
759XYRDO2B1H.jpg,39,78,474,263,0
76DLAR8WLT1J.jpg,68,106,443,305,0
779S6NLDP55Q.jpg,53,16,576,434,3
784DXDEFB4WR.jpg,2,6,717,568,3
78E8EHG8NS9H.jpg,83,177,481,353,3
78FIN0MW46S9.jpg,79,37,438,319,3
78UD5RINPJ89.jpg,39,78,409,269,0
797ZHWY2187H.jpg,8,9,246,139,1
79TOOMW8NOCH.jpg,15,59,474,284,1
7A9UNK8SY6JP.jpg,79,57,634,444,1
7B2E7IN2ODVX.jpg,48,15,445,372,1;383,43,500,317,1
7B6HOGKD06Z2.jpg,49,38,500,306,1
7BLMMYDLUBPK.jpg,1,32,590,418,3
7C8ZBIZM1DX9.jpg,65,58,457,332,3
7DL0CVQ1RRU9.jpg,4,7,637,297,3
7DMRHM39XXWE.jpg,1,31,225,279,1;166,72,374,296,0;429,92,499,360,0
7EWAQ8Y1ESWM.jpg,0,0,640,335,3
7G6YTZXT7OQD.jpg,12,6,584,360,3
7G8P54CID965.jpg,14,36,463,327,3
7HC4S6695D5A.jpg,70,41,318,336,0;266,58,353,249,0;329,69,386,215,0;364,79,407,184,0
7ILV55AR1AAQ.jpg,50,88,442,343,0
7JB7LB8WX7LW.jpg,493,722,1197,1353,3
7JDXHY7613LB.jpg,112,155,364,258,1
7JP9V0CKWTL9.jpg,4,41,458,291,3
7JRG33OH1BHB.jpg,3,57,426,267,3
7KDFC45B30QS.jpg,122,141,359,322,3
7KWX75CI1OPW.jpg,91,51,469,282,1
7M00O5PS2USV.jpg,308,127,454,273,1
7M0WN1M7XRT6.jpg,244,173,482,269,3
7NW7XF2E6Z38.jpg,19,49,476,347,3
7NX9O1S9QHNM.jpg,23,13,367,222,3
7QOTD05OKOX5.jpg,28,21,593,437,0
7QRMDURVOEG1.jpg,7,7,382,178,3
7R0MYCI9BHTH.jpg,91,55,486,253,1
7R2PJ45QADKQ.jpg,12,141,358,350,0;421,87,639,344,1
7RCGUQWW0K6A.jpg,6,113,301,346,1
7RJ7MOPDIEVA.jpg,63,1,509,399,0
7RR2IJ5HNRJH.jpg,31,56,437,278,3
7RU1LM7K921I.jpg,0,51,459,316,3
7TBOWDLVDENN.jpg,128,124,340,241,3
7TGTSI760FX1.jpg,6,14,231,165,1
7U1GEIUGZO1I.jpg,13,13,261,187,3
7U80KDZJNAZC.jpg,19,51,353,221,3;305,55,544,189,3
7UIN6DHIN56H.jpg,45,40,434,318,3
7UMRZ72Y4BC9.jpg,38,39,438,313,1
7UW4FX0CC5HA.jpg,45,25,313,274,1;299,93,500,306,0
7W0Y6P3BA8GV.jpg,43,95,534,333,0
7WNLJ37HPILF.jpg,189,213,406,335,3
7XC4NR8IMCDE.jpg,17,4,507,449,3
7XNBGZQAMTJ3.jpg,251,87,602,244,0;134,103,337,185,0
7Z6H1X9XE3X4.jpg,48,69,461,319,3
7ZLCJ3T8GIT5.jpg,31,163,640,334,0
7ZSP13DP28NU.jpg,1,49,500,328,0
7ZV6LMU6Z9SM.jpg,22,26,307,270,3;287,72,526,264,3;460,102,600,245,3
80SD16N82BM6.jpg,26,38,640,390,2
8156QICQ827W.jpg,50,60,487,298,1
81L7N4AS5OBJ.jpg,46,68,829,453,3
81Z1SK6U2VJ4.jpg,33,190,639,482,0
84HAMG2KNRCK.jpg,37,117,285,248,0;303,124,480,230,0
85BOENP18KVO.jpg,26,108,404,341,3
85UQ54IZKW23.jpg,13,29,484,312,3
85X5ZUIPX0MN.jpg,26,49,471,292,1
85ZX0UWT1YIM.jpg,32,56,474,322,0
86LYHTZ25763.jpg,0,122,602,441,1
87E6W5RI3XPZ.jpg,89,0,640,361,3
8836E2PCR3OH.jpg,98,32,640,383,3
88LPD1LH27XS.jpg,19,61,605,327,0
88ZWZO0MSLZR.jpg,69,28,474,308,3
891828K2TPV4.jpg,75,9,483,347,1
89FUSU1D6TVO.jpg,17,77,603,386,0
8AO4J6607GZ8.jpg,14,126,378,286,0
8B6I7K1Q4MAC.jpg,35,48,639,351,0
8BM0G4ENU2KX.jpg,15,108,639,427,0
8CIV8GRIC4SJ.jpg,52,1,326,182,0;343,36,498,172,0;461,56,541,148,0;518,42,561,154,0;558,64,593,149,0;573,75,616,154,0;606,83,638,137,0
8CNWKF3ZK37A.jpg,133,118,317,317,3
8CRWJPHE6CO6.jpg,107,25,418,181,3;20,15,242,127,3
8CTKQVUI31NR.jpg,6,11,496,375,3
8CZU2DFRTMT1.jpg,26,118,611,367,0
8EM99D2233DR.jpg,59,74,591,352,0
8EMDIKEQQXUC.jpg,4,23,484,360,1
8F7F40BEFHKH.jpg,26,16,484,365,3
8FF5BW7M083M.jpg,13,31,609,244,0
8GEFSLE1B0PT.jpg,137,122,374,313,0
8GYB4TW92J9Z.jpg,11,71,309,373,1
8H4UJR50CFHN.jpg,7,15,484,340,1
8HBLJYT1DCIO.jpg,5,15,272,187,2
8HG6D2YLX5Q3.jpg,13,113,508,580,2;461,197,600,464,2
8HIYVQWH126V.jpg,48,64,456,325,3
8HYR6KGGJ35M.jpg,172,82,441,350,3;415,102,640,360,3;5,73,181,348,3
8IQ36GZ7I3D3.jpg,34,91,579,364,0;366,78,640,250,0
8IQJW0G13AK8.jpg,70,91,417,324,1;0,107,90,228,0
8J4FHYBWETUM.jpg,71,58,487,320,3
8J5BY0X2K685.jpg,67,20,554,256,3
8J8ZDWDH1KL3.jpg,4,43,500,371,3
8JC7WERF1VSZ.jpg,104,54,492,307,3
8JCKK07RHZTZ.jpg,24,52,318,153,3
8JOHZME39J0L.jpg,48,102,340,247,1
8JT4NXVMQYY7.jpg,0,6,627,469,2
8K5F73E4LH76.jpg,62,114,584,329,3
8KBJEIO8G8X8.jpg,25,51,487,284,3
8LUC307NW1P7.jpg,206,153,1554,1239,3
8LZPU7GRHQE0.jpg,13,140,276,301,0;218,93,442,228,3
8M808JEXPRXA.jpg,26,63,445,285,0
8MUN44PSVRNV.jpg,32,103,601,403,0
8OIB0FGQHN4A.jpg,91,101,472,275,1
8P7LRAGKCE5B.jpg,86,130,286,255,1
8PQHJC2ZMV29.jpg,0,27,247,230,2
8PUTQ2O82DNF.jpg,238,56,616,264,3
8QV42TK2V57Q.jpg,27,94,462,290,1
8RIKI8LT3QZP.jpg,96,17,468,329,0
8SHVWK62TU6N.jpg,32,33,459,290,0
8UE8IQIB86X4.jpg,28,120,499,375,0;124,11,500,186,0
8UO5MSGHBDAS.jpg,77,104,385,267,0
8VH41YDH3O3Z.jpg,38,36,479,300,1
8WV8038YCHUG.jpg,25,80,476,322,1
8WYT1QECD371.jpg,59,124,588,360,3
8XL4BMRYD2CM.jpg,31,59,477,344,3
8Y918WSQ4F2Z.jpg,20,14,630,387,3
8YM4LC6291LP.jpg,15,70,464,285,3
8YZ0I38IHTWH.jpg,28,52,493,267,1
8ZL4V65R696L.jpg,68,191,604,394,0
9032NVG0I3PX.jpg,93,76,556,301,0
90ISHW2ZS74J.jpg,32,40,455,352,3;3,58,134,291,3
90LXMHNSGFE2.jpg,210,189,262,248,3;250,177,311,243,3;294,187,419,251,3
90XYIL2HXFY9.jpg,31,18,427,291,0
914MGNKQDYCU.jpg,56,6,300,252,3
91OT8EOVVPV5.jpg,15,293,282,457,3
91UWXM545RKE.jpg,56,129,562,379,0
920XFP8F7R1S.jpg,14,4,481,295,3
93BEU01AQQRN.jpg,167,103,500,274,1;27,120,205,244,1
93E274DXURZO.jpg,46,59,446,380,3;12,91,140,288,3
93W770N1GM8D.jpg,101,82,413,279,0
93ZN38O7N7S2.jpg,55,106,402,296,1
94B7V1KT23V4.jpg,83,147,519,480,0;472,156,623,263,0
94FLPYGEQOH9.jpg,6,112,563,297,0
951TNNI6BB9D.jpg,12,88,434,318,3
95A4ECBE74GX.jpg,6,19,617,209,0
95DCVUDTLHFK.jpg,98,73,555,359,3
95I0EVCYFNJ6.jpg,0,15,89,398,3
96UQM86MKCC9.jpg,147,91,538,244,3
96XATT4K730G.jpg,0,58,906,570,3;795,115,1248,457,3
976UIBF8CBKC.jpg,46,13,672,373,3
98HQVI83T6CM.jpg,126,136,623,350,3
9A9FBCKYOWEE.jpg,27,40,466,294,0
9AY4LUCHTICJ.jpg,143,70,2156,1565,3
9B58DZMEUAIR.jpg,245,51,489,249,0
9BTOLG66824A.jpg,29,95,432,293,0
9DX8VSL5VZ0J.jpg,24,316,475,507,0
9DZFXD1ENHLH.jpg,35,19,469,237,0
9E4XHZ1AJTJ2.jpg,79,217,816,491,3
9ELZQAPSEU2S.jpg,45,148,586,489,0;369,171,640,271,0
9EZU7QXZWEPE.jpg,99,18,404,383,3
9H3O0LOAC426.jpg,45,55,476,329,0
9HL3ZCDN5GL7.jpg,36,72,406,318,3
9IIH0PV2R04Q.jpg,14,30,499,298,1
9J20GWDX82FI.jpg,15,78,350,464,3
9J5F4ITYM8DS.jpg,337,199,615,409,0;154,176,245,239,0
9J8ATJ03UF3G.jpg,217,100,500,294,3
9K443PKUA747.jpg,16,32,465,475,3
9K89Q7DYWTMK.jpg,21,14,427,330,3
9KC7RS0Q8MJ7.jpg,71,58,410,256,3
9KJWIIDWYCKW.jpg,10,15,348,198,3
9KWDG7EVBS4J.jpg,37,35,481,313,3
9LCF7C1KSXA0.jpg,28,164,164,230,0;167,128,305,237,3;321,125,450,248,3
9LF9QMX1K7FK.jpg,11,39,629,352,2
9LU8ZQ18SMZH.jpg,75,39,471,299,1
9MM2L3ZZ4S74.jpg,2,11,442,360,3
9NJVLHHT9Q3P.jpg,399,101,627,241,0;28,120,465,403,0
9NNKAM3DNDPC.jpg,42,86,439,299,3
9OVYTQGAXMW8.jpg,12,70,471,361,2
9Q0WUZPLRRYC.jpg,30,41,497,254,3
9RYR9NI5I06T.jpg,12,34,486,286,3
9S8UBLUCSAUR.jpg,46,61,565,393,0
9SESAAZP56XM.jpg,72,74,586,353,0
9U7L9JUSVBWS.jpg,12,302,405,476,2;119,123,371,248,2
9UH6E4PUMXAF.jpg,8,80,184,303,0
9UKV7RBNL05S.jpg,20,47,462,328,3
9UL8GYIESU0Q.jpg,186,28,407,205,0;8,59,772,461,0
9V0NHZJEC2D4.jpg,31,52,469,328,0
9V5Y021H6XJK.jpg,45,90,457,304,0
9VLQ76E9R5EB.jpg,32,24,429,318,3
9VSWS4BZ6KOD.jpg,12,83,499,310,3
9WF71KFVOI95.jpg,12,118,508,399,3
9WGGYHXJX7WN.jpg,34,96,588,324,2
9X9DO25USX32.jpg,196,129,616,326,3
9XB4642U5DOQ.jpg,2,9,124,116,2
9Y9NFP7KN6M5.jpg,6,2,442,333,3
9YTUFK6KB1JE.jpg,44,76,487,342,1
9Z9IR5X58W3I.jpg,162,169,710,504,3
A1PNL0GKRA1H.jpg,34,75,595,379,3
A2PJTISC189L.jpg,22,11,511,314,3
A3NV68LUGE1W.jpg,78,18,622,476,3
A44FY6BRP3KL.jpg,17,2,459,371,3
A4PN32DPZIEQ.jpg,0,53,237,285,3;181,43,481,266,3
A4SLHM4ENBFK.jpg,117,199,616,418,0
A50JSL325YLH.jpg,14,21,639,479,1
A5L5S0O6N009.jpg,63,24,452,350,3
A61BQTOBRJQ6.jpg,58,74,458,310,3
A64VZEANQ7YR.jpg,45,37,474,338,0
A6OMAFITP0RO.jpg,25,10,650,326,3
A6RFM3AAMRY6.jpg,18,0,607,354,3
A8UAVIDDYDLG.jpg,17,37,482,311,3
A8Z155Z982J1.jpg,39,73,476,327,3
AAVQMFPPPTP7.jpg,21,21,600,243,0
AC3SPT7ODOIJ.jpg,51,94,296,199,3
ACEX3W7W300U.jpg,77,75,414,275,3
ACSD3UREAQGD.jpg,39,42,619,322,0
ACY179T4Z0FH.jpg,64,121,346,249,3
ADZBJPAJB77J.jpg,51,27,471,282,3
AEW14C929FM1.jpg,203,88,344,229,3
AF40K9AR7CX1.jpg,47,16,598,404,3
AFNG2HGQ8KVS.jpg,32,45,189,206,3;180,94,288,202,3;317,32,480,228,3
AG81J4U3FI0P.jpg,142,190,434,319,2
AIETRXV5BTW4.jpg,5,6,299,452,3
AKNY81ELFGLL.jpg,41,92,746,553,3
AKZE6FF7EAXX.jpg,122,146,335,252,1
AL8R9QMQ7NEJ.jpg,28,43,579,361,0
AM5EDWZ3XR9A.jpg,45,46,443,314,3
AMRPNQCTOIWY.jpg,26,33,489,336,0
ANDIZ00IG48K.jpg,23,42,474,285,0
ANM42OFQZZGH.jpg,40,57,776,342,1
ANY25DVZRQ1N.jpg,121,75,405,302,3
AO2YI6UC9IKJ.jpg,19,86,414,291,3
AOBYSALF2T07.jpg,296,84,629,231,3;141,90,379,220,3;18,105,194,216,3
AOOHWFQZJARS.jpg,31,34,463,354,0
AOXTN7ZCHRW8.jpg,55,101,403,279,3
AP3G3N0G9RKL.jpg,1,75,463,263,3
APBT5YMOG6TH.jpg,36,70,600,280,0
AQSM7UAZ381N.jpg,33,199,617,377,0
AQWXKBHTDG5O.jpg,133,236,397,432,0
AR39SR35HJXB.jpg,24,23,399,264,3
ARAD3PM3FT8N.jpg,56,53,612,347,3
ASD3NWCC9G1I.jpg,48,84,483,261,0
AT1JW8UXZXV6.jpg,13,20,499,375,0
AT6I92GN6WTN.jpg,150,193,369,280,3;311,183,426,272,3;385,193,490,254,3;471,180,548,262,3;516,196,586,251,3
ATQK2Q1D1SCQ.jpg,53,132,301,407,3
ATT6AO5PF1WX.jpg,11,36,426,337,1
ATVO132OVAOY.jpg,177,239,631,477,1
AU6CLAE28IIR.jpg,61,25,499,374,1
AU6TPISOGGHF.jpg,49,73,455,267,2
AUUOI3SI7O9G.jpg,19,7,281,143,2
AVKNCUCWML4I.jpg,3,46,406,375,3;359,189,500,328,3
AVZTAQ0A0KW3.jpg,219,98,459,233,0
AW0XTTKDSRJA.jpg,42,73,1488,1135,3
AWNXT64V58AN.jpg,12,152,150,259,3;372,157,496,261,3;243,178,371,251,0
AWOISXU6MA87.jpg,19,69,240,311,3;240,67,496,320,3
AXG7O6HBHF1Y.jpg,403,130,633,269,3;271,142,459,254,3;192,164,333,253,3;80,168,220,259,3
AYZWSSAXJEYQ.jpg,69,38,449,320,3
AZ5K6MIUM572.jpg,19,28,618,265,3
AZZ62BGV70FB.jpg,89,166,574,391,0
B09DIQXB9YO2.jpg,33,129,611,365,0
B0BALTCLN9YN.jpg,58,8,573,359,2
B0RDGZRT2UFW.jpg,36,57,491,349,2
B2NX3C8IAU4A.jpg,76,24,453,273,1
B2YBEBSESW9W.jpg,0,66,373,488,1
B38KI99JZ5ER.jpg,1,98,481,306,1
B3IGK0U8D4I5.jpg,31,64,438,241,1
B3O7T3CXAVH5.jpg,114,253,361,360,1
B3Q7LV8YGEI4.jpg,26,20,511,291,1;7,44,195,236,1
B3X5SGQJUSFB.jpg,48,124,293,222,1
B47RJAMM3G9X.jpg,66,123,545,366,1
B4M9CGJFXSV8.jpg,92,139,786,506,1
B5A9A011ZMB5.jpg,138,214,318,374,1
B5DZTM4BRXAS.jpg,87,83,573,378,3
B5OW3MITRO6Z.jpg,83,161,619,418,0
B6EW9L92UQQZ.jpg,17,131,635,364,0
B6PBBKJLR7TH.jpg,48,76,469,324,0
B7K6GBJD0HIG.jpg,14,9,543,328,0
B7QREYC087S4.jpg,51,76,629,402,0
B8HASSPQ8D2L.jpg,12,39,500,352,1
BAC5FUPHO7E6.jpg,32,89,632,432,3
BC8HMERO2UC2.jpg,180,106,385,219,1
BD95W9A75JHJ.jpg,6,69,630,491,0
BDMZ1T5VBFG7.jpg,98,91,308,277,3
BDXMA71OYW3T.jpg,45,145,138,227,3;154,137,252,215,3;263,135,359,222,3;395,133,471,214,3
BE6GYI2VUZG0.jpg,22,38,627,355,2
BEZ6SCJ7JTWN.jpg,26,0,500,363,1
BF3LO4R49WH4.jpg,28,69,459,339,1
BFABE33WNTD3.jpg,116,38,423,332,1
BGBUZJQD2WBD.jpg,23,88,444,298,0
BGNJQULW94E6.jpg,3,39,289,192,3
BGZNIHYE0OYH.jpg,42,21,472,336,3
BICGD0AEG4Z7.jpg,93,43,603,329,3
BIX20IJD2P93.jpg,7,8,500,370,1
BJCMWAKQ1I3N.jpg,44,107,448,341,1
BJZMMR2IVR53.jpg,32,40,483,298,1
BKLHY4KV1UK4.jpg,144,124,635,426,1
BKS6IZ8F9ZFJ.jpg,39,80,465,333,1
BKV6M7JRVSJP.jpg,20,8,1689,680,1
BKVCNV02EJOI.jpg,23,12,477,240,2
BL09H4WFGXVD.jpg,120,126,436,299,3
BL4AC1XXBCFI.jpg,38,7,461,347,1
BL79VINCG84Y.jpg,19,12,490,341,0
BL8YV5Z3RY7I.jpg,83,79,413,288,0
BLA66DZBJNUK.jpg,180,157,391,284,0
BM0X7Z7ZVQ3U.jpg,21,70,596,402,3
BMWO5F184RMC.jpg,39,69,471,253,3
BOAKTQAH13ZD.jpg,113,178,316,267,1
BOLEZJZE2O7Q.jpg,177,123,287,248,1
BPSLFT22VHRN.jpg,20,114,154,218,3;161,126,285,221,3
BQEB0BSPZ0UH.jpg,29,48,468,315,1
BQQZKXZWQ6O4.jpg,22,97,163,208,3;171,103,249,196,3;265,110,378,204,3
BR4QWF3UL4L0.jpg,46,50,621,300,2
BSJYDORZU6JE.jpg,38,53,777,513,1
BST1IS3PRJE6.jpg,22,38,498,351,3
BSXZX52VSBL0.jpg,51,71,640,413,3
BSY5DOFBG2F6.jpg,21,74,452,271,0
BSZXQWIJ8CGN.jpg,51,29,432,338,0
BT27THSDUP6B.jpg,95,90,386,339,0
BTJST30ZL51H.jpg,15,12,474,216,0
BTUJQVKO9ECM.jpg,30,91,479,291,1
BUJEK7SHFMCS.jpg,34,99,581,313,1
BUYJ1ALYABVO.jpg,32,36,480,315,1
BV9IXOZR5QC5.jpg,39,74,483,342,1
BVCYYHUWTGPZ.jpg,23,54,473,259,1
BWLCMJQIVE96.jpg,52,48,448,243,1
BWSDHL7O6Z7V.jpg,15,45,484,327,1
BX1DZNG6DIOT.jpg,33,62,465,270,1
BX2VDGOHJMYE.jpg,11,88,490,339,1
BX9KMN4SOD24.jpg,14,134,178,241,1;6,17,165,117,0;188,20,363,105,0;397,43,521,111,0;196,155,353,231,0;363,135,548,239,0
BY2DRZ04TQGZ.jpg,64,45,470,308,0
BYIOANVRCLBC.jpg,52,39,422,304,3
BYNQAQ5171ZO.jpg,19,114,618,284,2
BZ6SQ4R1RL2F.jpg,181,178,595,392,3
C0QRE1XSKED9.jpg,36,3,436,331,1
C1E9VY9A1PKN.jpg,34,77,358,413,3
C1R4NTOVPBC2.jpg,333,70,583,163,2
C1YRVQGYWNBX.jpg,120,52,609,387,3
C24QD3FDCY90.jpg,30,62,466,319,1
C2LIBFI3TS0T.jpg,38,41,476,318,0
C30PH6A69K47.jpg,67,34,555,312,0
C3DI6593B525.jpg,115,54,378,330,0
C4V77WGJUE5U.jpg,18,69,450,306,0
C5JMDVCET5YA.jpg,44,78,765,494,0
C5MDHKGVXY0B.jpg,87,74,329,228,0;23,413,402,540,0
C689R39K4W0U.jpg,14,107,639,404,0
C8K0GL9KKMU6.jpg,56,45,588,349,3
C9RQF5CXZDA7.jpg,7,58,460,293,3
CA8M804KQ6IC.jpg,184,135,418,282,3
CAK1MO2QE4IL.jpg,29,75,629,379,0
CAZ0XC0GUXZM.jpg,108,124,633,321,3
CB2U1UOKFZK4.jpg,24,5,626,329,0
CBOS7ZXOFQ7N.jpg,3,85,272,274,1
CC1YOY2FIK3Q.jpg,4,14,255,182,3
CC5OGSXFYVA3.jpg,12,69,442,305,1
CC6G62YP3IQF.jpg,45,4,434,357,1
CCEYMV0JOWFG.jpg,6,133,596,421,1
CCOKSX02IRDU.jpg,19,33,473,348,0
CDHVA01VPEER.jpg,37,54,474,274,0
CDO0ZAM6XJRE.jpg,67,67,598,380,3
CDOGWCI2GSFE.jpg,46,14,601,344,3
CE8BOHNCYKFC.jpg,6,30,198,193,3
CEELT14SP4X8.jpg,19,69,488,283,3
CETXPD33SKPO.jpg,4,28,400,217,3
CG04X9YZXW2P.jpg,31,32,631,309,0
CG5KNXND9438.jpg,52,36,544,342,2
CHPFL0YFUAH8.jpg,90,35,440,339,1
CIPA0AUZ7J53.jpg,83,13,452,375,3
CIZQ38DXXFUL.jpg,34,47,459,298,3
CJ3RA7J6C717.jpg,12,73,616,346,0
CJAC86GH49LM.jpg,17,163,262,264,0;277,163,457,250,0
CJFLOPSQOWGM.jpg,28,117,636,404,2
CLPMRAIWP2XB.jpg,65,130,431,302,3
CN8PIJLJMSQR.jpg,46,73,499,286,1
CNN6BAEL3ETO.jpg,301,163,586,358,2;193,148,333,287,2;128,151,241,278,2
CNZGIQEOPSOJ.jpg,17,220,195,395,0
COX1CG15KDUJ.jpg,176,89,336,191,2;110,91,191,171,2
CPZVK24VV3TF.jpg,38,81,481,322,3
CQ2QKOB3VBRD.jpg,75,147,484,289,0
CR58Y9UQXQKY.jpg,62,33,460,347,0
CRMYSNHC889F.jpg,26,71,458,339,3
CRQXH6HLD1XU.jpg,537,100,719,315,3
CS0LDT6I3XXD.jpg,26,0,632,326,0
CTC10C2DOR3Y.jpg,43,66,464,344,3
CTMLUUYGDDXQ.jpg,212,93,595,278,3
CV8ZM0JPF6KM.jpg,16,84,283,271,0;244,94,494,274,0
CVAWV5O3QWKR.jpg,45,80,606,359,0
CVJ1FM6146AS.jpg,238,72,373,221,3;38,72,230,216,3
CVL69W47OOGO.jpg,34,102,331,286,0;289,127,428,248,0
CW1B35UJ92K2.jpg,15,16,523,345,3;327,35,640,247,3
CWI4OQKH13O3.jpg,24,61,627,417,0
CX5GHY9DY13Z.jpg,37,155,275,267,0;276,145,471,244,1
CX7B1Y435SU7.jpg,83,137,222,219,3
CX8A90AZIWX7.jpg,75,15,464,309,3
CX8NAM52CRX6.jpg,55,29,603,337,0
CXOEUG1VUGU2.jpg,75,82,576,292,0
CY9C3EDZUU9P.jpg,0,0,607,274,2
D0611ZGCR5P2.jpg,27,11,627,398,2
D0QFR40CIXXE.jpg,10,57,500,278,1
D0XS4WKB0WFR.jpg,43,149,601,343,1
D1LKXRYTCHWY.jpg,97,70,1168,770,3
D2JD4RIWKLW3.jpg,29,66,499,348,1
D2KVS5QNZKI5.jpg,22,188,640,538,2
D2RL5JCWDP39.jpg,11,71,150,216,2;132,81,275,229,2;252,96,255,96,2;269,55,469,256,2;461,6,640,280,2
D3V3352739VY.jpg,287,123,427,207,3
D41PA2UIY5KQ.jpg,18,8,485,374,3;449,108,500,257,3
D43D2G40E6ER.jpg,31,7,371,221,3
D4B4OT762D2I.jpg,27,27,682,599,3
D4G9JBOG7K84.jpg,40,111,466,357,3
D50G9E04FDXS.jpg,58,30,448,339,3
D5T77ZJ2OVTK.jpg,18,52,722,481,3
D5UI0V83UMU9.jpg,38,30,442,310,3
D699X6N4BJSE.jpg,39,43,477,328,3
D74P393QDZWC.jpg,9,48,495,306,3
D7T4YYCNCP08.jpg,227,165,666,492,3
D8HIJCIYUH4U.jpg,118,115,383,270,3
D8J1H9ZTYGPC.jpg,4,9,150,93,3
D8KA5JY8YU2R.jpg,7,62,466,318,3
D8MWTOZN2KXX.jpg,20,121,283,274,3;280,114,497,313,3;485,102,639,335,3
D9C0EE7WV5LE.jpg,0,0,299,228,3
D9L2N2RUDG92.jpg,44,22,610,271,3
D9XSM87XCIY9.jpg,77,71,772,507,1
DBT46AL88Y2V.jpg,90,89,406,278,1
DBXT5S76XZQ7.jpg,66,69,443,318,3
DC36ZWOUI16B.jpg,8,47,250,192,3
DDAADPUHZTUO.jpg,34,61,623,370,3
DDGWARFY6HWQ.jpg,63,328,1284,970,1
DDMNUSW6768U.jpg,172,82,395,269,2
DE8MZTH1CTM1.jpg,66,113,417,305,1
DEQ07MKT7V1B.jpg,2,64,304,394,1;433,95,640,319,1;390,28,578,157,3
DF37IHDG63NH.jpg,75,26,446,313,1
DF55NZ53CSCX.jpg,45,78,250,243,3;5,122,106,216,3
DF6LNQOO535W.jpg,2,52,581,385,3
DGA3WK1LOT4I.jpg,269,5,633,300,1
DK6ZJLY9PA93.jpg,19,43,465,350,1
DK9CL114WFF1.jpg,27,49,425,267,1
DL5BBOJC7MS6.jpg,14,30,481,316,1
DLDSO6WQKFWO.jpg,51,15,602,329,2
DLEWBS4PHQ21.jpg,18,1,281,180,3
DLHHM7H0J3HI.jpg,40,56,426,324,3
DNUVE8ZPDJET.jpg,3,11,502,301,3
DOJFIIMK64R0.jpg,21,56,449,310,3
DP805JGSO907.jpg,18,20,513,291,0
DP98IF8A62O3.jpg,215,83,497,229,3
DPF5HUKUI6QH.jpg,4,6,319,276,3
DPL3HRVUPSAR.jpg,32,92,476,311,3
DPSIMFZR48FC.jpg,43,22,611,341,3
DQ1VCQT9KLSD.jpg,73,75,623,341,0
DQ4JVGSN42LU.jpg,138,168,640,360,0
DQAGOHGSWJJ4.jpg,127,537,2847,2069,1
DR3L5CVY0OOC.jpg,297,478,3162,2447,3
DRF9YSO09DA0.jpg,27,36,484,306,1
DRJAI9SQ7MZK.jpg,11,62,461,279,1
DSO7UZ3N5SGS.jpg,7,142,615,365,0
DT6E0YFDW300.jpg,7,53,482,337,1
DTLIT29Q43PT.jpg,22,9,632,338,0
DUU62DD08A0P.jpg,152,50,403,257,3
DV4SE09HNHNE.jpg,4,42,467,332,1
DX54FLK9TXIY.jpg,62,102,570,396,0
DXWBSOMV51DV.jpg,36,92,612,320,2
DYIRSK6UWXVO.jpg,13,40,460,329,0
E0HBZM6D06II.jpg,5,28,415,368,1
E0XZ8E9HZDZ5.jpg,36,58,463,336,0
E1H62YI71GEE.jpg,0,49,632,356,0
E22J6NRKPS3A.jpg,132,113,637,422,3
E3RGEPTF0U91.jpg,27,169,984,614,3
E4UOTNJIF2H1.jpg,61,101,422,267,3
E54NHS7G9UW0.jpg,2,92,488,283,3
E5IKYT44IAPZ.jpg,380,178,625,285,3
E6QHO8O69FKF.jpg,41,69,476,308,3
E6QLQVLZY4RS.jpg,0,16,446,221,3
E6YKVF7G76H4.jpg,39,57,475,305,3
E75S0LEWO1U8.jpg,269,179,469,256,3
E853E25D5KGK.jpg,70,107,404,274,1
E8JNHSPF9RKH.jpg,18,94,488,258,0
E8T1BUOJS9C1.jpg,41,72,596,275,3
E9Y9N276MU1J.jpg,5,50,431,312,1
EA0RK306W10N.jpg,47,113,447,306,0
EAF8MG1CRWUX.jpg,128,3,517,150,0
EAM27K1GYTJ5.jpg,89,143,384,268,0
EB3HX7IQ2PPY.jpg,342,119,814,452,1
EC4M57S6YLYN.jpg,109,62,537,280,0
ECJY8OEVORLZ.jpg,33,69,599,343,3
EE0WUJ45VDZY.jpg,15,122,603,386,2
EETIJ0RUGR57.jpg,35,29,639,351,2
EFOJEB71293O.jpg,33,28,629,332,3
EFZRDDTUB6OZ.jpg,22,8,376,264,1
EG6OYK4RK1VR.jpg,39,75,592,352,3
EHCRKLY1ANOC.jpg,48,74,494,313,2
EIJ5DJNK3U32.jpg,114,48,461,317,3
EJ64KN5D7I22.jpg,1,54,600,425,0
EKURYOV2Z4KE.jpg,77,56,460,342,1
EL2K0JJ5V37J.jpg,14,149,436,383,1
EL5V4WXQJRQ4.jpg,4,38,632,405,3
ENHHRIN2TCNS.jpg,45,71,467,363,3
ENM5UUJJ545L.jpg,43,88,732,418,3
EP1JMBJZJ7LV.jpg,18,63,179,127,1
EPY1USXJM5J0.jpg,64,27,453,339,1
EQI0LMM4O1GL.jpg,44,63,426,233,3
EQY63WTX261H.jpg,118,38,500,278,1
ERDC4VKLBE46.jpg,100,139,321,288,1
EROHSFLJXE0G.jpg,33,116,576,441,3
ERP8P1488NGT.jpg,38,136,623,376,0
ERX1CV2TRZ65.jpg,135,161,397,335,0
ES3B04X0KULW.jpg,28,17,474,331,3
ESAVAH409RI8.jpg,8,42,639,583,3
ESJUUT20TA4F.jpg,57,136,208,261,0;197,145,280,242,1;294,141,368,216,1;351,152,394,205,1;437,149,459,198,1;395,147,436,210,1
ESLZZ81Q4UNU.jpg,45,175,465,367,1
ESZS65ZSAKYE.jpg,180,93,416,351,1
ETD8T2ID90QZ.jpg,32,19,474,239,3
EUIOC7Z5QA2M.jpg,79,164,332,366,3
EVN7L0T4LQEU.jpg,110,103,448,322,3
EVTM2TG5I9Y9.jpg,128,34,420,215,3
EW5X0XLJCKCZ.jpg,119,13,534,263,0
EX9OGKTSCF4P.jpg,113,165,499,336,0
EXB5OM590QYI.jpg,50,24,450,332,0;435,58,500,144,0
EYFMURO5WTCE.jpg,21,44,408,337,3
EZAMY2JL0ZCA.jpg,228,134,490,286,2
F0DS6KX9CXHN.jpg,24,114,254,372,0;195,123,494,327,0
F0FMRARX4TKR.jpg,32,66,473,271,1
F0X58KJMF8TA.jpg,21,65,786,522,3
F0ZJIOXPML2F.jpg,6,68,503,399,3
F10Y471WATFE.jpg,5,110,234,366,1;175,135,345,295,1;312,157,394,270,1;365,172,423,254,1;404,187,441,235,1;434,190,458,220,1
F1UHJHAXN5SO.jpg,103,26,401,291,1
F1XYM01V05QK.jpg,166,122,543,264,3
F38INAWDTP3G.jpg,15,64,488,343,3
F3IQDNOTY0P0.jpg,295,228,494,361,1
F497MCQ47CMF.jpg,167,156,639,409,2
F5EGXCWDXMVK.jpg,184,26,494,356,0
F5V3BA157CKS.jpg,146,191,308,328,0
F651Y00WPJTE.jpg,24,53,629,375,2
F7G78XXS8FBO.jpg,32,43,487,299,3
F7K3DYJRVUD5.jpg,54,38,462,341,3
F7OQ3VJGQOUU.jpg,18,58,793,529,1
F7XFUKNTNFNK.jpg,9,83,392,263,3
F80Z9HJ2EYOE.jpg,2,58,431,253,3
F8XNY3ZWRMWD.jpg,19,40,477,271,3
FBO9EBL22DLY.jpg,349,107,482,256,1;2,133,151,229,1
FD6VTO7AMYMF.jpg,229,330,2323,1904,1
FDJSBXX26QJ4.jpg,211,197,467,318,1
FFBM78RLQZ3G.jpg,182,92,305,231,3
FGW1E6XRQW88.jpg,14,65,337,245,2
FH2NZ2WK155M.jpg,65,192,553,414,0
FH3AANQF0VW1.jpg,152,24,590,273,2
FH5B5YJCKMT8.jpg,109,192,1108,653,0
FH60P0K4QMOG.jpg,39,200,561,426,3
FH8RJT69D712.jpg,42,74,442,291,3
FI4D1EDQH6UV.jpg,5,15,637,374,3
FINY1ILI7Y93.jpg,0,0,500,273,3
FIYT84CZTNPT.jpg,39,26,616,501,3
FJDCD1G5XNP4.jpg,74,63,523,320,3
FK015H0P314F.jpg,37,123,176,264,0;194,137,314,251,0;333,132,471,282,0;499,150,619,259,0
FK445HGAR1TN.jpg,48,15,461,294,3
FKZBKJBWU0DZ.jpg,26,137,562,351,0
FLENQC18WG5P.jpg,11,22,438,281,0
FLHIR77BZTRP.jpg,61,108,462,267,1
FLR4P6073YGG.jpg,157,28,1390,766,3
FM6UYWS9I53C.jpg,53,65,500,277,3
FMA5NTLM5L4U.jpg,414,378,848,960,3
FMNJYM4UAK0P.jpg,10,14,478,397,2
FMWFCZVJ288C.jpg,13,32,494,340,1
FN55MOJ14X1I.jpg,10,18,472,235,3
FP4WG9ZHKGO6.jpg,23,19,591,761,3
FPK7QKSZMVLW.jpg,38,22,457,312,3
FPL28WILHYP4.jpg,83,111,594,398,0
FQFHVX2KX00T.jpg,38,101,463,301,0
FQOTAKRKSAUL.jpg,28,27,633,331,0
FQRP73KC3NVE.jpg,15,47,500,274,0
FRBBWTVOVVJ6.jpg,173,115,500,274,3
FRM5GD5IY9Y3.jpg,45,84,977,548,3
FRSRZTBJU0VC.jpg,20,168,640,422,0
FRX4RZEQ30GF.jpg,97,34,297,175,3
FSFEHWLRO0M7.jpg,7,80,181,183,3
FU5TM5JUR21K.jpg,40,40,432,302,3
FUQFH0ORA0MF.jpg,69,55,613,393,3
FVYKU054FOQ7.jpg,194,96,481,259,3
FWDZ2JLSGYU2.jpg,70,47,452,349,3
FWL7L0VGU8XJ.jpg,345,0,613,64,2;272,108,550,261,2
FXP9BJ0Z8MN6.jpg,46,65,464,325,3
FY2TCVLJSTFQ.jpg,1,6,517,300,3
FYBU6RTXE88K.jpg,29,88,364,208,2
FYRG09U9LOPJ.jpg,37,101,346,253,3
FZ1P1O4TRI5V.jpg,33,160,482,360,3
FZMX1VOW6SIK.jpg,19,33,485,234,1
G0P8KRGR2XWK.jpg,6,78,487,319,3
G1TRJCHS7ZAT.jpg,7,68,794,445,0
G2N9TKL5ZHZK.jpg,60,40,466,311,3
G3SNW819J97S.jpg,242,140,354,247,0;333,100,614,238,1;49,107,289,236,1
G3TOXVP4QTN0.jpg,22,61,491,344,3
G4PTP422MU8R.jpg,25,12,440,358,1
G59G5X1VW18Z.jpg,53,95,374,489,0;25,78,108,187,0
G5QNOXVCELOF.jpg,6,27,619,344,2
G9GEOK8A7X99.jpg,112,96,487,317,3
G9J582YPOJDT.jpg,121,8,639,473,3
G9RQR4T96Q7R.jpg,75,89,578,394,1
GAJZFLD0DJL7.jpg,58,44,453,294,3
GAPOS4CJ8F8A.jpg,55,84,584,300,0
GCFO50D2UNW6.jpg,22,47,448,347,1
GDDMCCGL666B.jpg,65,67,600,316,3
GDX8ZB58FCIP.jpg,49,54,436,301,3
GEHGSBPKQEAE.jpg,46,34,460,286,3
GERQ132AASLO.jpg,2,14,630,521,0
GF0RVVKHBSVS.jpg,12,9,588,246,3
GF22OBYJPJGZ.jpg,210,122,462,243,0
GF9EOJB9GG7L.jpg,51,59,558,390,1
GFO99A2ED0R1.jpg,14,5,587,306,2
GG16UKSLX38M.jpg,26,43,500,369,1
GGMCLHCPC5BY.jpg,80,28,450,343,1
GGTEGEPZW7EM.jpg,8,2,636,333,0
GHA5MLAWTV3U.jpg,80,39,420,320,1
GHS1IB2PROP3.jpg,28,91,900,548,3
GID0X9T8ET8S.jpg,8,20,481,318,0
GIE0K1S2ZKZL.jpg,43,39,793,508,1
GIG2VH3KK6QG.jpg,103,57,500,374,1
GIN2S6HXA1GS.jpg,38,40,425,384,3;371,56,589,287,3
GIQKD5VRH9EI.jpg,39,63,598,342,0
GJZYGRWMJ3YA.jpg,86,30,483,346,0
GL4G1TOKRVVC.jpg,87,103,416,316,3
GLL5QH9B3OB6.jpg,29,50,425,255,1
GLQVVAQH3QR8.jpg,34,108,374,307,3
GLRV9YIHWQ4H.jpg,58,38,468,332,3
GM5BXAIZ2IJI.jpg,34,47,461,306,3
GN04ACH01C8E.jpg,4,26,400,256,3
GNEHU7OJUMF3.jpg,104,90,463,341,3
GO3BH8J2TI9V.jpg,24,20,483,336,3
GOSJZQISS6XG.jpg,19,68,615,461,3
GP4BHWHTRSOT.jpg,13,121,412,300,3
GQPL4SY0O6QM.jpg,26,134,500,337,0
GSHFBI9GHHBN.jpg,45,74,595,341,2
GSYXWCI0IANM.jpg,16,78,487,280,1
GT4JCSBKILXK.jpg,100,125,598,352,0
GT8HFMAMVMU7.jpg,108,8,537,359,3
GTC3KY5U9LLB.jpg,53,109,236,220,3
GTD6SL31ABFG.jpg,42,59,438,321,1
GU4YTT4LQFL3.jpg,29,31,585,313,0
GUACY0KBCNDD.jpg,15,220,307,374,3;340,219,625,376,3
GUQVKZ1R6Q7V.jpg,32,70,464,302,3
GV0C6J790TFQ.jpg,22,60,479,333,3
GVE9LX41PECP.jpg,29,26,267,178,3
GWHZFFY01A0Q.jpg,96,145,261,242,3
GX21QZXZUVHB.jpg,144,108,551,346,0
GYB56EGWN4AW.jpg,36,103,639,409,2
H1M45TIDWZM7.jpg,90,123,388,306,0
H1SO2HVP5453.jpg,235,133,469,260,0;98,133,262,242,0;29,124,111,226,0
H26C3342R483.jpg,35,32,626,443,0
H285B9PHOSOH.jpg,94,47,471,344,0;45,69,124,200,0
H2CTQML824JI.jpg,78,113,600,356,3
H2KMRY6OMESJ.jpg,27,27,640,319,3
H31M29UH1HC1.jpg,127,119,438,295,0;78,37,194,196,3
H37RYRXMRV8O.jpg,32,32,482,332,3
H3KGAZL8G830.jpg,26,88,451,295,3
H5EC06Z8EUS0.jpg,61,165,462,316,2
H5GCPKKCALOI.jpg,0,52,488,315,1
H5R9U2535O9J.jpg,4,10,500,332,1
H6BOPRDV6OO3.jpg,20,73,470,319,3
H9OYM1TUCPYF.jpg,36,85,468,291,1
HAJB44FYISHZ.jpg,39,80,472,311,0
HASOJIIQNK8C.jpg,172,5,460,288,0
HB13LYD0B74D.jpg,6,0,498,350,0
HB9NNIT4MY8I.jpg,7,58,500,296,3
HC1UWQGUDFB7.jpg,24,86,429,263,3
HC43YUSI032H.jpg,17,107,276,325,3;246,146,414,285,3;387,139,493,272,3;472,158,500,261,3
HC5GF0Z5QA1I.jpg,38,56,365,246,3
HCN516GOT8FN.jpg,94,59,463,243,1
HDG61ZIHYTQU.jpg,45,178,333,500,3
HEB0T3AI1PFI.jpg,421,430,1295,809,1
HGNNLKCZNL0X.jpg,4,6,376,178,3
HHKZK8DVBDD1.jpg,32,97,453,293,1
HHS1TSTGKPQK.jpg,8,26,601,351,3
HI9U0YT07COD.jpg,23,98,617,404,0
HIWRWZQG9TS1.jpg,85,9,467,357,3
HJD2WMZGP1GM.jpg,28,19,615,420,0
HJGXPJYZQO6F.jpg,11,7,280,158,2
HKDFQ2ODPQP2.jpg,32,82,613,376,3
HKUYKKSWSWOW.jpg,207,173,496,423,0
HLPTM52JLMUI.jpg,407,0,640,146,2
HLUSN3J1OPXA.jpg,30,31,499,320,3
HM5CKLSTY2WE.jpg,64,61,417,295,3
HMJ7VUW7PLUE.jpg,35,137,360,330,3
HMSJ29LWF5MC.jpg,145,76,639,432,0;4,10,233,238,0;198,24,402,175,0;352,12,505,118,0
HN8JOVDKHUSY.jpg,26,122,996,672,3
HNIVET6X3ORU.jpg,355,190,639,386,0
HNOFRT0B00MC.jpg,6,67,167,146,0
HNPALPJ889LM.jpg,33,33,491,344,0
HO90P9L62WMB.jpg,97,81,747,406,2
HP1X5Y7WKFIW.jpg,38,100,639,391,3
HPONHA3FPWIF.jpg,86,36,411,316,1
HQR6PPTSQM81.jpg,16,5,367,205,2
HQTSOC5R9612.jpg,18,51,493,308,3
HRSU88BPETCE.jpg,188,57,800,600,3
HSA8RS90LOS6.jpg,60,13,284,199,0
HSQ5ZW94JFUD.jpg,49,28,615,410,3
HSRRQP00AYLW.jpg,63,82,476,251,3
HSWWINCYZ059.jpg,14,48,639,307,2
HT7DA5LKV9H0.jpg,35,122,639,390,3
HTY57XVJOIEH.jpg,6,2,604,384,3
HUB7AMCWTJ8N.jpg,233,141,572,359,3;30,140,278,314,3;0,205,82,294,3
HW6OUD4PMK3P.jpg,206,93,588,344,3
HX1TMAGHP3TB.jpg,124,142,500,363,0;0,51,352,234,1
HXT7Y3D2FLD0.jpg,26,52,464,326,0
HZ0G69XONQXV.jpg,300,91,604,377,3;11,94,290,336,3
HZ7NHOYBWX0M.jpg,14,19,480,256,3
I0315UDVU75D.jpg,129,10,316,163,0
I0QJNUZDWHUL.jpg,212,118,466,346,1
I15HGZI9T1L9.jpg,62,67,617,348,0
I1VNL0R472F5.jpg,130,196,332,396,3;312,199,519,387,3
I2NTPZEP9DES.jpg,23,27,625,593,0
I3UL991ASR9H.jpg,167,40,500,254,1;0,121,156,240,1
I4P0U9WCLKBU.jpg,60,209,582,390,0
I55U5EXO7TSX.jpg,108,104,308,290,3
I5IPDPLXAHVB.jpg,63,62,473,274,3
I5KR7FCT8HA1.jpg,27,5,602,333,3
I5SKEZHDF4FW.jpg,64,127,425,299,3
I6YVU0QZGBPM.jpg,13,21,190,150,2
I7IOTUOZA8XX.jpg,29,25,462,356,3
I8COI23UCEQ4.jpg,120,107,639,349,3
I8O1D45KA85V.jpg,18,5,606,400,3
I9L1MP0MYTHO.jpg,4,23,222,152,3
IALQGVM2F8D9.jpg,33,33,475,351,3
IBFHFWFNX5M3.jpg,121,29,629,334,2
ICD1G54P553D.jpg,8,19,502,305,3
ICJ8DVHUQSB5.jpg,62,85,621,373,3
ICWRV3X6HDQM.jpg,63,28,423,310,1
IDMGPOMKEWHZ.jpg,6,69,456,313,0
IE5GS5OVBVMY.jpg,18,11,340,225,3;262,12,491,233,3
IE8RHRGUJWS0.jpg,0,0,576,380,2
IFDNDEZ2NXX6.jpg,68,82,424,287,1
IFN4PSISJ5L0.jpg,37,9,639,342,3
IG40TZNR2XRE.jpg,91,83,580,371,3
IG84ED7NMG2T.jpg,33,40,481,300,1
IHGH8Y8G14NC.jpg,59,86,441,289,1
IHOS3C0GHMXS.jpg,137,87,573,340,2
IHWXPCJ6MJU6.jpg,24,72,470,286,0
II2KTPK4FZGN.jpg,61,123,1398,1103,3
II9DUOH8F5E6.jpg,148,33,505,189,0
IIOZYQJTPMCW.jpg,22,59,373,295,0
IIZV4QNHOJNK.jpg,67,107,675,446,3
IJADRO4FJ6P1.jpg,28,81,413,282,1
IJTAJ97YRBQV.jpg,45,15,494,235,1
IJVWF28C33CL.jpg,37,27,452,329,1
IK2PGFH72ZYX.jpg,62,77,478,299,1
IL8NVXOPQYKI.jpg,16,25,689,399,3
ILE8KQFT31E9.jpg,131,91,453,268,1
ILULNW1258N2.jpg,48,32,561,375,0
ILZG6SSTQE0C.jpg,84,53,494,346,3
IMNFIN6ROS3X.jpg,67,51,565,401,2;373,10,640,207,2
IN2312OI9IOS.jpg,171,141,410,226,3;0,156,86,236,3
INOH3YY2AQGF.jpg,21,43,617,412,0
INWXQ8VNH1I0.jpg,74,79,442,234,1
IPEKSYZFJD1I.jpg,30,69,455,313,3
IQB9D3Z025MH.jpg,36,13,816,456,1
IQTPX4QJB3JA.jpg,11,33,640,426,2
IR0JPB13LSFS.jpg,6,38,594,322,3
ISQW77LQVFV5.jpg,221,13,487,245,1;6,166,371,375,0
IV1LQ7L92RSA.jpg,318,236,497,339,3
IVZZARNLWEUB.jpg,86,139,2120,1005,0
IWFRIHX1XDRE.jpg,32,23,639,389,0
IWHVK0A6LRQA.jpg,342,0,640,121,3;200,27,275,137,3;0,24,108,105,2;73,43,158,83,2
IWN6B1PRCKHL.jpg,7,38,139,166,3
IXHCDUDC3W89.jpg,130,41,601,275,3
IXM7CE4P8AK6.jpg,84,113,655,433,1
IXV04U2KRI6H.jpg,136,32,430,413,3
IYRRO7NSWF55.jpg,59,46,485,302,3
IZXO9CTSC9SG.jpg,11,42,569,302,3
J0143JKRC4U2.jpg,0,58,494,320,3
J01U69XMY2LT.jpg,57,217,1367,886,3
J0LET2L5LAUI.jpg,51,107,188,190,3
J0MDEDD7ILHA.jpg,24,158,195,237,1;70,139,280,221,1;248,163,371,229,1;377,166,443,216,1
J0W7GFNQP2WZ.jpg,73,113,534,319,0
J14PAYUYMVTY.jpg,24,98,449,267,0
J1ZTPFRCA1AX.jpg,198,127,398,235,0;0,36,249,284,1
J26R3020R2GD.jpg,37,32,589,337,3
J2BWR31THY1Q.jpg,14,52,499,303,0
J2TE8IBPMYUW.jpg,111,139,402,292,1
J54ZLC193X1A.jpg,15,90,500,282,3
J5UWYO0X5WTJ.jpg,33,16,604,384,3
J6I7EDTE81BN.jpg,37,32,500,308,0
J77QU237F9KA.jpg,76,87,518,399,3
J7HQKU67QT1J.jpg,80,139,407,297,3
J7O9TK63MW8S.jpg,62,27,423,301,3
J7OQK8SKJIWY.jpg,2,109,432,304,3;180,57,499,225,3
J7YGZBV0KV5V.jpg,80,79,396,285,2
J8ELXRTD0JQC.jpg,108,194,365,391,1
J95OXUVNAV6Q.jpg,106,119,449,274,3
JAV25QIOGC7Y.jpg,0,62,287,287,0
JBMKC6T5DPRP.jpg,113,69,427,252,3
JBNK1POVTFH3.jpg,0,182,1420,962,1
JBQYTA4WM45L.jpg,55,111,445,313,3
JBYDV8LOOLK9.jpg,24,92,323,278,3;242,80,458,237,3;387,91,625,224,3
JBZ3WDFNS4UG.jpg,63,96,549,320,0
JC2H7T7AP5DK.jpg,0,205,219,333,2
JDMWWF7GYTDV.jpg,223,55,2018,1530,3
JELNPLNI71DG.jpg,27,17,499,283,1
JENEVCM4LG9N.jpg,70,147,777,525,3
JEQ0I44MPQ25.jpg,39,122,623,422,0
JI5T34NES4K1.jpg,20,8,563,424,2
JIKTFPIXB17K.jpg,269,134,546,326,3
JIYKFQ728ILK.jpg,12,1,426,324,1
JJN5S8F3ASYX.jpg,9,57,484,301,3
JK8XD6D82SE3.jpg,69,68,586,335,0
JKOTL7ZP9QM4.jpg,5,45,167,134,3
JKPT5U63C60G.jpg,34,36,603,369,0
JL2V03FTBO2Q.jpg,48,24,491,339,3
JLHOIK5FHVLF.jpg,19,161,976,1296,3
JM1TS4KSYHTG.jpg,56,17,600,381,3
JN0ORHPGAMP2.jpg,26,39,500,252,1
JN87HVQIYXAI.jpg,98,41,450,305,3
JNOXZV5WZFM9.jpg,26,70,610,307,0;6,81,249,259,0
JNSXRUSS49TK.jpg,36,26,639,394,2
JPV8ZGU8PK00.jpg,31,77,474,333,1
JQ750ICR9MT7.jpg,10,56,951,572,2
JQU7B0W2C9WE.jpg,177,71,333,290,1
JR5J3RTXF03Y.jpg,44,134,417,335,1
JR69PYG3XMWQ.jpg,384,309,1977,1388,2
JS34EY610BEZ.jpg,379,431,2493,1599,0
JT2AYQFC1TEX.jpg,31,3,568,291,3
JT55GE1ZX0Q0.jpg,16,46,514,373,3
JTBS44LJPPHL.jpg,2,48,604,394,3
JUBNX7XWY4NW.jpg,3,45,595,318,3
JVA44QUD6AXV.jpg,53,26,640,359,3
JVHGIMSPMLAA.jpg,161,88,470,339,1
JW5BVUWSLZCF.jpg,62,47,437,256,1
JWB9KT41OZZ1.jpg,29,20,623,365,0
JXI0TQUBDC35.jpg,283,183,384,263,0;397,159,503,267,1;127,141,260,252,1;20,162,179,259,1;518,166,629,268,1
JYIZ5WV4AWOZ.jpg,29,46,613,307,0
K0O435UPA44M.jpg,22,78,476,354,1
K1NMSKMZ3YOW.jpg,25,79,640,468,2
K1NYKTJDE260.jpg,16,84,469,331,0
K1TGJUZB5NNG.jpg,47,107,308,262,3
K1U3M1VF7PP1.jpg,2,19,398,374,2
K1WEMWSGCG02.jpg,160,100,483,313,0
K22HMB6DMRPS.jpg,23,47,460,285,0
K2KGCJ4A6IKZ.jpg,60,124,586,354,2;428,53,560,193,2;6,55,149,188,2;188,50,362,190,2
K330K1KI1NEN.jpg,54,66,431,300,3
K34S8Y710LW1.jpg,1,5,598,404,3
K36QJVF3L2RG.jpg,35,12,468,371,3
K438HJK0YTGK.jpg,39,90,406,313,3
K46ZLJ1KKWY9.jpg,90,18,613,326,2
K48BGY62JMDT.jpg,11,29,336,241,3
K4OJBF55VNE4.jpg,83,6,733,587,3
K6BX554ZTQOX.jpg,43,30,459,351,1
K79SNERDI3PH.jpg,99,34,450,313,3
K7IHCJNEOWPJ.jpg,37,16,477,324,3
K7RBJ09LF9DY.jpg,0,110,229,236,3
K9PGAXPBCTDM.jpg,70,61,444,293,3
KBF4SSRVWOIV.jpg,121,188,336,280,1
KCMBTUA0P9C1.jpg,39,75,427,287,1
KCOAHMJXEHD4.jpg,69,141,599,381,0
KCSFGDQG16JY.jpg,7,36,519,324,0
KEPG0582L264.jpg,233,135,500,300,1
KEXC6VMOU73W.jpg,48,71,454,277,0
KEXIVYK3F2DF.jpg,53,170,581,344,2
KGHDNEV5YSCX.jpg,42,72,437,293,3
KGIQ1139M76Y.jpg,117,82,385,331,3
KGMPXCQCPQQ4.jpg,26,57,458,318,3
KGT6JY888Z7B.jpg,4,21,624,319,2
KIO3T7AQK0N0.jpg,75,33,320,251,3
KJULMIQ9NFU8.jpg,173,139,402,287,0
KK7JLRFR66FB.jpg,45,56,468,323,3
KKAWZEYS1H8C.jpg,26,15,481,292,1
KL1RZRD8GFW7.jpg,22,149,240,296,3
KL4ACDHTKCO9.jpg,65,148,378,299,1
KM7EJTF7C5OB.jpg,52,71,440,355,3
KMKKRM8BVWCR.jpg,63,110,419,323,1
KMR50LOAEV2O.jpg,145,171,257,265,3
KMZZ1C7KP8J3.jpg,25,84,435,320,1
KN0CD2JS0INI.jpg,61,43,449,314,1
KN3YDYDBSXV4.jpg,115,98,544,370,3
KO03H1DLKHMG.jpg,28,5,640,354,3
KO2RNJ31E0BM.jpg,26,56,474,318,1
KPAZGY5O592Q.jpg,23,23,459,314,3
KPO46D2W6U05.jpg,200,136,617,359,2
KTCU712WKFVU.jpg,18,92,475,332,1
KV947RXSYG21.jpg,144,121,730,424,1
KVINLVG7PREG.jpg,73,84,479,256,3
KXHL7IEQVS5G.jpg,47,14,614,312,3
KXT5G6QANN2S.jpg,32,52,493,348,1
KYHAFEWP16GK.jpg,12,47,516,401,3
KYXXCX0H7FM9.jpg,20,110,253,264,3;223,129,380,222,3;402,122,629,265,3
KZBIVCHLMVRL.jpg,64,31,444,316,1
L01XUQEPPHZH.jpg,35,64,413,241,3
L2YFN8H1AFMQ.jpg,22,85,562,341,0
L3JY839FBCT3.jpg,247,162,773,459,3
L573EVKPQLXQ.jpg,51,28,451,347,0
L5JCHNYSG0BY.jpg,133,109,327,264,3
L5TU09S55DMC.jpg,53,75,456,282,1
L5VUW3K08MLB.jpg,145,69,381,301,1
L6PIVUP3257W.jpg,50,56,437,337,3
L6QGWW0JVYQR.jpg,41,99,594,390,3
L7C624IZ5PJG.jpg,142,129,469,346,3
L7HL4BEH13XH.jpg,18,139,300,326,0;322,178,456,270,0;427,163,500,258,0
L8NFFDGWSJ7M.jpg,6,7,220,155,0
L98EWF4XFP3S.jpg,22,138,582,414,0
LADO3V5DCH1P.jpg,60,132,479,347,0;493,149,582,267,0
LAULIH5ZPH45.jpg,24,125,612,448,0
LBFC5QLNHX9S.jpg,121,63,593,396,0
LBXEDQYAMZXZ.jpg,11,28,640,329,2
LC2SE6GIJNT5.jpg,31,65,640,378,2
LCKYM6Q7EXAE.jpg,43,10,488,333,1
LCXD4CJ89BG4.jpg,1,35,504,461,2
LCYKJTTVZW4J.jpg,23,58,375,312,3
LDCHGI3J78MH.jpg,48,35,416,302,0
LEGFBGSTDDFO.jpg,33,104,238,295,0;292,65,466,257,0
LFWX8DDADX42.jpg,42,13,452,342,3
LGNPYV8ZK8Z0.jpg,31,61,476,297,3
LH234BBMCX91.jpg,6,54,324,215,3;351,59,640,222,3
LIDD75W1FHQ3.jpg,245,0,550,332,3
LJ3OANJ3D62W.jpg,35,36,289,152,2
LJY0MUVH3R57.jpg,247,182,584,324,3
LL20KCM1FSBP.jpg,24,595,202,789,3;173,638,483,888,0;510,640,640,760,2
LL3WODHRUWI7.jpg,45,70,312,227,3;334,81,620,203,3
LM4S2EXNQW4A.jpg,24,24,500,325,1
LNU6CB6JNETM.jpg,55,4,398,307,1;367,82,459,173,0;434,97,482,153,0
LPR2I0H5XM9U.jpg,79,56,497,227,0
LQ00E0ONPWBF.jpg,15,67,459,284,3
LR39BJMOOD4O.jpg,35,28,415,301,1
LRKQ9HYZ1Z3D.jpg,1,29,350,175,2
LRL3F49FG7LR.jpg,54,69,392,308,3
LWE3I7LPZQHJ.jpg,37,76,421,280,1
LXAPPXWB0N1G.jpg,56,87,527,338,3
LYZ6BNC6NVJU.jpg,230,139,467,297,0;22,158,243,285,0
LZ2V3VP8EG4W.jpg,62,57,593,331,3
LZNIN3G97X2E.jpg,186,103,385,210,3
M02BBZN73E2N.jpg,40,72,429,284,3
M0FF6SXHG0MR.jpg,52,75,591,362,2;4,186,75,271,2
M16416DNMMIN.jpg,20,134,620,380,0
M1YEWRAR02OO.jpg,20,88,443,296,1
M2GILUZZWOPR.jpg,138,26,430,383,0
M2H2DW7B956K.jpg,21,83,640,467,3
M2X80ZJX4WEX.jpg,32,33,453,370,3
M3A2SQ10LFIA.jpg,103,167,199,242,3
M3JJFJ8BKNCW.jpg,113,209,837,634,3
M3WLK3Q646U0.jpg,46,83,58,86,3
M3XI1WBLMKZL.jpg,55,101,579,391,3
M48JKPE3DUX1.jpg,0,0,632,409,0
M8D2OD13BR9K.jpg,76,83,442,331,3
M8F7745QBQZB.jpg,18,25,500,345,1
M8H9M67B6N6D.jpg,54,47,461,331,3
M9TYK5MOA8CU.jpg,39,71,448,318,3
MAJOJH5FERNB.jpg,40,73,615,433,3
MAZ3YAC5IXPD.jpg,36,88,352,488,3
MB41YDBGAJ68.jpg,62,57,640,424,0
MBYX34NQTHOR.jpg,3,47,640,398,0
MC6CVPOTBNBB.jpg,26,30,458,312,3
MD47M0VS0EAA.jpg,29,66,512,353,3
MDQBL9J351CB.jpg,233,170,550,313,3
MDRVF0ACQWEG.jpg,0,97,399,412,3
MESOJMUYB9GM.jpg,83,18,606,321,3
MFS0JDC82XI9.jpg,22,67,640,437,2
MGSEF1G8C0FK.jpg,21,2,500,366,3
MHUV22XHMLIN.jpg,25,105,500,362,2
MIQAA98GSLE6.jpg,45,14,499,318,0
MKDYB1LT2LLD.jpg,156,194,640,448,3
ML2LT738U6S9.jpg,17,19,382,240,3
MLOB8FSGUD2Y.jpg,77,124,431,299,0
MMD92K8RWTGA.jpg,19,36,421,227,0
MMGTOFW323IP.jpg,46,56,461,318,3
MMLLC1AS1YTT.jpg,203,116,640,395,2
MNLJW1BDVHBP.jpg,24,162,626,421,2
MNZSQI50XAN8.jpg,35,31,639,309,3
MOD16QXCV3D1.jpg,47,37,439,317,3
MOT82ZOA54LY.jpg,294,135,639,330,3;69,126,314,281,3
MPFPGFW9T96K.jpg,39,85,273,235,3;292,99,383,199,3;364,133,455,237,3
MPNO4BT7VU3Y.jpg,7,135,208,339,3;221,129,452,357,3;440,104,639,380,3
MPWPKOCLNMIX.jpg,27,13,612,268,3
MQDAI610IV5J.jpg,26,102,485,313,0;5,103,219,198,0
MR859XZ7IKR3.jpg,42,23,482,228,0
MSMC6R3OLA99.jpg,167,8,581,447,3
MSRCNKEL98CK.jpg,49,79,500,325,1
MTY60OJC2O6E.jpg,38,26,595,426,3
MUEQV0CTHFPX.jpg,27,82,483,304,3
MUJ2KZB5CUX9.jpg,15,31,313,189,3;327,39,594,197,3
MVUCYOMPIAA8.jpg,8,0,564,333,2
MVZD19A8SGJN.jpg,53,57,553,364,0
MVZSEK2GD0X3.jpg,27,48,375,290,0
MWW23FIRETSJ.jpg,45,32,499,325,3
MYAONGLHTWPO.jpg,161,230,317,376,1
MZM2CA935PW0.jpg,40,17,182,136,0
N0XFRT3C12Z0.jpg,155,73,470,297,1
N1GOD3ROPBKW.jpg,132,83,425,297,0
N1SJHIN7SIWG.jpg,39,110,639,380,0
N32FYPKFCR5S.jpg,52,52,421,285,1;394,69,499,215,1
N3YVTT8PFR1N.jpg,37,117,616,420,3
N477V0ZQO9OL.jpg,24,54,487,334,3
N4R7W74QSGWU.jpg,43,97,479,331,0
N52N48J6GCK3.jpg,129,37,413,304,3
N6QUBVRRV34B.jpg,265,10,589,297,3;51,19,290,280,3
N7PBY6CXW42C.jpg,85,75,454,315,3;371,102,500,228,3
N89UMX1HX09K.jpg,41,35,237,265,1;264,54,449,232,1
N8AE873SL3JH.jpg,26,36,500,362,3
N8FFCXU2E3BD.jpg,34,43,491,320,3
N9532PVOMZ2S.jpg,59,91,639,333,0
N96AW947SF2A.jpg,17,36,451,348,3
N98D1FO5M6DI.jpg,12,72,499,329,1
NA3LK12A0IRG.jpg,41,55,617,325,0
NC44EWL9GAWI.jpg,20,1,629,349,0
NCDM0J8IFWKB.jpg,194,83,434,333,0
NCM44HG4Y8VK.jpg,25,81,457,358,1
NCTMR0CYT67G.jpg,6,90,481,375,3
NDGJRJ14SJVS.jpg,310,222,638,362,0;198,222,411,352,0;113,242,294,348,0
NDXUZ60PN3XK.jpg,23,101,567,541,1
NFWNSPPD97A8.jpg,3,92,586,411,2
NGZ40T6HU5B3.jpg,160,98,445,274,1;71,133,198,235,1
NHRY7Y9YJQVC.jpg,40,36,490,347,1
NHWH2CJK6UNR.jpg,6,28,191,143,1
NI8TWUJEHGRL.jpg,86,141,285,277,0;333,146,547,322,0
NIEP6QVEMMRP.jpg,41,36,465,343,1
NJR1HSPBAXWF.jpg,56,81,591,310,0
NKFLWN8LUPOP.jpg,50,17,554,368,0
NKHEC984L6LT.jpg,202,130,273,197,3
NKS1IUWV54X8.jpg,2,27,390,289,3;277,65,434,189,3;404,114,467,274,3
NLD12WU4T8XA.jpg,83,42,424,319,1
NMD24IYB2WBL.jpg,78,41,437,322,0
NQ933Y0UKNGZ.jpg,34,111,586,395,0;70,121,297,201,0
NQC1AUCJD8JE.jpg,106,21,640,296,2
NRJGUZN02WF4.jpg,51,50,236,196,0
NSXT1BV1G8YK.jpg,33,7,640,298,2
NTTWEVLG07J5.jpg,129,143,520,282,2
NUI098QJ2HS6.jpg,15,24,426,317,3
NVP1WIDQ7WHI.jpg,6,152,631,448,0
NWRDHV1KFC5X.jpg,17,79,312,278,3;270,87,489,251,3;421,97,631,219,3
NXUU3K0SDM44.jpg,64,211,412,373,1
NYGKMR3US1NQ.jpg,79,44,161,105,0;128,29,211,82,0;391,51,474,124,0;345,52,413,108,0;276,49,310,72,0
NYT0LHL5MS9D.jpg,20,11,600,353,0
NZATJD6G1YLA.jpg,18,36,500,344,3
O04GAG8SGZSF.jpg,70,68,640,381,2
O0SRKDPAIMLD.jpg,25,4,486,337,2
O0VYF8A3JQF0.jpg,71,45,419,359,3
O1QCUPWXZTV7.jpg,43,41,461,306,1
O1TG6IVGZ9D2.jpg,42,38,459,255,1
O2RQEXK9J6NP.jpg,69,79,461,276,1
O2UFXOVUQEWO.jpg,52,47,450,329,3
O3L5QTO78MB5.jpg,108,83,596,337,0
O5DL6QX6SQTB.jpg,255,177,444,295,1;166,177,275,274,1
O5ZB1WBJRD79.jpg,13,46,489,357,3
O6MJCOI4ETLU.jpg,52,134,281,406,0
O7FM2PPGYA5V.jpg,123,84,562,424,0
O7NUA2N3W9OZ.jpg,50,82,459,359,0
O7UO9PC25O04.jpg,59,32,508,352,0
O7YJP6LAAZXU.jpg,34,23,429,296,0
O8EPXJ9F1JY9.jpg,31,81,478,304,3
O9HX3MPDYELK.jpg,20,70,640,443,0
O9I2FG2GFIS7.jpg,178,40,625,286,2
O9LG7TU69P2D.jpg,22,95,486,364,1
OA5OEBTV7LL7.jpg,11,72,640,342,2
OAUQ0K7YIBON.jpg,127,33,249,178,3;57,57,146,149,3
OB67KSKJLT7X.jpg,27,70,624,390,0
OB6XL5EL9BB4.jpg,10,23,615,411,0
OB8NP76GBBQS.jpg,62,55,474,303,3
OBVS0EPDB12R.jpg,6,70,163,253,2;37,54,371,355,3
OC3JBMZEMD9G.jpg,161,131,306,230,3;322,120,450,252,3
OCEN08GL8N47.jpg,14,37,478,351,3
ODAGKA7V2677.jpg,26,47,447,364,1
OE57FIWXRFFR.jpg,10,20,368,304,1
OE9LIAMYEFCE.jpg,79,69,431,315,1
OEJ7FKEQIZM7.jpg,60,72,542,395,3
OEP8H6HCB4PD.jpg,15,34,639,348,2
OEVDH9457L7M.jpg,6,169,340,365,1
OFOYTA5VWT70.jpg,138,83,493,280,1
OG7SXCSL6WOP.jpg,32,30,458,338,0
OGWGB001I9MJ.jpg,9,39,390,297,2
OHF6IX97VQ8M.jpg,7,247,288,401,0;316,254,581,382,0
OIAZU813MF0D.jpg,64,32,430,277,3
OIV4HAH0VFHE.jpg,65,23,459,288,1
OIWUOIB7NJDY.jpg,235,96,462,253,1
OJ3B786UZILC.jpg,119,207,585,417,2
OJVI04SK4UNZ.jpg,51,58,482,312,1
OKECDPGMRJOK.jpg,140,84,542,503,3
OKWPAM6DUZF7.jpg,13,51,424,232,0
OLYL22DW5UE0.jpg,10,18,690,467,3
OMD6KRC94U2D.jpg,241,119,640,350,3
OO4S8Z6HFX57.jpg,9,49,474,294,0
OOL52UE4UE7R.jpg,88,54,545,386,0
OPLLA9YBBU7E.jpg,338,34,639,287,3;2,33,259,311,3;157,54,334,243,3
OQ3E8ISBM1H7.jpg,29,76,382,328,1
OQDK4P3XSXJ3.jpg,23,141,457,364,0
OQF1606WDSX5.jpg,64,5,615,479,3
OR239OILMDJ7.jpg,26,6,449,318,3
ORR7A4X2VTO5.jpg,33,68,463,296,0
OSI9MOX2DU0C.jpg,62,145,612,469,2
OTJO4YQYGB48.jpg,65,158,776,501,3
OU0E0R403DQM.jpg,175,29,452,282,3;12,53,230,238,3;1,67,96,189,3
OVBHA2DFDGAD.jpg,26,86,599,415,0
OVZTBPGF62RJ.jpg,128,115,372,341,1
OXQTB8LGWJ7A.jpg,5,130,615,360,2
P0ON7FOSK50O.jpg,3,25,295,267,3;277,60,485,261,3;466,104,595,239,3
P3QV4JSE29HS.jpg,90,18,640,337,3
P3WEY2DVFDY2.jpg,229,124,395,237,0;111,132,221,211,0
P67V5ADJBROR.jpg,62,92,612,453,0
P6F5001B7XKY.jpg,6,156,407,318,3
P6LLJNQ7Y6YM.jpg,540,103,1152,400,3;488,202,1151,863,3
P7QWRP7ARMCX.jpg,75,17,401,325,3
P9N2U0PW3K0S.jpg,38,51,469,328,1
PBKS3Z8FBZQC.jpg,387,75,623,197,3;331,57,460,136,3;255,49,371,127,3;202,49,295,125,3;168,63,233,116,3;123,55,202,118,3;90,51,148,97,3;57,48,127,98,3;27,49,83,97,3
PC5YK1CN1AFW.jpg,4,114,309,284,0
PDM8X69U5STZ.jpg,79,33,537,403,2
PE15OCTY8LAP.jpg,12,28,197,205,3
PE4NZPK8NYRO.jpg,109,139,252,203,1;265,139,383,213,1
PFBA6WMSN9J6.jpg,65,62,396,325,3
PFWQ67C5NYY0.jpg,165,75,356,304,1
PGMOQRTOOGXH.jpg,81,46,400,225,0;0,19,249,193,1
PGPMSOD4S9IW.jpg,225,16,468,302,1
PH7GTXG4AWOS.jpg,37,86,639,455,2
PHTGEFWRXOEA.jpg,149,165,473,357,3;15,177,167,285,3
PIV5YXHA9HVV.jpg,53,73,426,287,1
PKO8MC3IH39D.jpg,23,68,448,324,0
PKYULF2WVPNH.jpg,37,16,483,350,3
PL0Y0BB2WQUS.jpg,9,90,492,275,1
PLZXQYL7WWDC.jpg,136,64,588,289,2
PNLYHVK01WYA.jpg,54,28,617,262,0
PONHEEF87VA9.jpg,183,100,640,313,3
PPC63T8GJNXM.jpg,18,77,478,305,0
PPHYTMOW88FZ.jpg,152,79,371,344,3
PQ5FA9EICZXP.jpg,23,90,460,313,0
PR1Z7ZJ3SUHR.jpg,0,219,479,632,0
PRBFVJI5RCYN.jpg,16,6,467,310,0
PRDBOW232IHS.jpg,1,88,396,257,0
PSCBKWJS2QUZ.jpg,28,81,499,298,0
PTIORNH6UH09.jpg,65,24,634,336,3
PTOZX8SI1BQZ.jpg,19,42,462,307,3
PUMALM5Y5ECJ.jpg,3,0,380,321,2
PVDB72PKE1AB.jpg,7,85,251,267,0;362,90,632,319,0;530,65,639,185,2;314,101,438,152,2
PW0T7XXJKQOB.jpg,287,52,424,189,0;106,86,368,245,0;488,7,598,111,2
PWCFJ3B2P2IA.jpg,39,52,455,276,3
PWERWCP42LR8.jpg,35,84,434,294,1
PWWWK7GKN56D.jpg,48,34,596,227,3
PXQF7MONUBYM.jpg,86,81,346,277,0;361,81,413,156,0
PXXCT30GDDBQ.jpg,49,51,410,310,1
PY0X09ARTE4O.jpg,32,81,449,298,1
PYHAR6FWCMYY.jpg,20,9,284,177,2
PYQJVE0NJ5FR.jpg,14,69,499,333,1
PZW2GCU82CAU.jpg,68,111,306,296,3
PZYJKI8J97Z7.jpg,164,94,475,326,0;12,43,195,194,0
Q0DU2SLAHBGK.jpg,14,78,474,285,3
Q0OCSLZX1LQK.jpg,74,105,581,330,0
Q1L1WFPF60WR.jpg,132,144,744,467,1;701,199,849,504,1
Q1YSC6F5G96D.jpg,32,59,569,429,2
Q2CMQF6EPVNI.jpg,2,39,400,274,3
Q2NWGFZSMCHM.jpg,40,129,235,250,1;158,119,308,224,1;280,144,359,216,1;379,134,455,204,1;428,123,499,210,1
Q44ZJSSWMV58.jpg,31,69,495,331,1
Q46OX4BE1SLL.jpg,28,41,525,376,3
Q5DX0E3OJS91.jpg,54,78,551,334,3
Q5NNKDW6HLQO.jpg,139,11,617,403,2
Q656Z7I31MWD.jpg,63,33,441,341,3
Q6CK4CQHBLX2.jpg,16,10,447,313,1
Q6MX03Z4J0W4.jpg,17,34,699,525,3
Q6R21FMD70AU.jpg,29,71,614,364,2
Q85TLFUFS7OU.jpg,111,79,391,269,0
Q945DVZWWD51.jpg,96,97,424,330,0
Q9Z5BB1VB7IW.jpg,62,66,590,257,0
QBRX7PXLV0GC.jpg,22,44,479,332,0
QBXKDLJXPDHA.jpg,106,42,406,213,0
QC5FSZYUV6TD.jpg,115,0,563,347,2
QCJ8BECYD1T5.jpg,67,25,381,447,1
QCZPQWX8DR20.jpg,12,62,320,224,3;365,81,612,183,3
QD2WZG4FDEL2.jpg,52,57,399,322,3
QECDVKQ56227.jpg,10,45,324,160,0;15,25,639,391,0
QEVJXXBDTO99.jpg,127,41,640,425,0
QFL7IN2VKZ7R.jpg,73,58,619,480,0
QG7VXO0UXGRF.jpg,67,51,385,280,1
QGN2FYF6BVCV.jpg,77,30,471,342,1
QH3GKTDD2PKG.jpg,132,118,615,352,3
QHGN6F5TT64M.jpg,8,5,482,223,3
QHLZ6S1YC8E3.jpg,0,20,490,625,1
QIJWYMLON0X6.jpg,150,179,421,379,3;315,201,638,386,3
QIXUH76KPYKH.jpg,0,0,449,368,3
QJRVDVKXZ8DJ.jpg,65,103,417,259,0;120,177,318,288,0
QKACE2BEMDIT.jpg,40,25,451,333,0
QKTUC69E6GSZ.jpg,51,76,465,352,3
QLM1BEPC1J3N.jpg,227,176,374,357,1
QLSFEXFH0XO2.jpg,31,84,469,298,1
QME9WQPAVNJC.jpg,8,26,400,300,2
QN3ESGP6BCJ2.jpg,12,58,318,192,0;255,87,625,282,0
QN44W9DY0LUM.jpg,78,4,397,318,1
QNZG3EG23VGL.jpg,291,99,465,218,1;218,103,309,201,1;173,102,252,193,1;145,108,183,189,1;101,105,163,181,1
QOH48HQ7JYN8.jpg,42,81,448,284,0
QQB13U22S7MB.jpg,90,65,500,318,1
QR7KAM1YB2CB.jpg,98,47,454,252,1
QRMQR1FIYZKO.jpg,19,32,462,263,1
QRXXM8II42J7.jpg,37,70,481,270,1
QS8W3645SNOI.jpg,43,40,606,333,0
QSU2VZKQLKC9.jpg,97,94,464,306,0
QTB97U868BJO.jpg,31,18,635,358,2
QU9JC807B60M.jpg,27,41,490,314,3
QUBJ53YTK3U7.jpg,7,67,420,363,3
QUY0PBRZ2LDP.jpg,237,97,402,197,3
QV1ZVJ7ID8B4.jpg,58,53,445,280,1
QV6468D0GKJR.jpg,35,51,621,323,3
QW4FV7BNIEOL.jpg,15,100,610,365,3
QYP6ZL6KD25B.jpg,52,109,379,313,1
R047D3MV4UKO.jpg,60,43,407,345,3
R04JN66HJHBO.jpg,77,79,345,275,1
R0WFC2HE02UZ.jpg,22,36,483,350,1
R0WUII2CTJVA.jpg,9,27,670,498,3
R1B1I8HDOMC2.jpg,47,37,481,314,3
R1R3GCFZFVL8.jpg,66,139,425,369,2
R2HC65IEX8PS.jpg,35,57,406,275,3
R2V8UC55CF0U.jpg,150,217,241,275,3
R4AK4TEW59M0.jpg,272,129,422,266,3
R5OJ97FTTEGN.jpg,26,42,436,346,3;349,86,483,259,3
R5RUL74YLHQP.jpg,81,82,411,274,1
R6ZE8KJXLA6G.jpg,56,75,405,287,3
R71VGDVWKF6I.jpg,0,531,1348,1718,3
R7QS0A4AQNXT.jpg,21,22,604,275,3
R811TPPXTMO9.jpg,17,101,468,287,0
R95BUTOD0RT0.jpg,10,45,624,327,3
RA7ZPX1FLF3M.jpg,26,77,468,298,1
RACS8ULY21WR.jpg,66,120,487,327,1
RBJWREC8EDQ0.jpg,42,61,615,377,0
RCAYFPZFDUY4.jpg,52,94,687,463,3
RCNCDEI42IAV.jpg,137,102,464,225,0
RDAGFKME97BZ.jpg,137,47,548,459,3
RFL5YWO1TW6C.jpg,42,117,596,395,3
RH5J33T4H4PK.jpg,38,67,639,477,3
RICNWC8H34KM.jpg,74,81,713,540,3;532,105,720,358,3
RIGB1ZO67PS4.jpg,30,15,591,335,0
RJP5EORYRLO1.jpg,6,5,499,201,2
RM9XWQ76NJ33.jpg,34,65,640,427,0
RNN3CQ6PIOHR.jpg,18,7,575,316,1;0,21,165,141,1
ROXH7J2XURD6.jpg,106,58,520,339,2
RPAWHJ484DFM.jpg,73,34,500,291,1
RQ1GN724LHV6.jpg,18,4,488,365,3
RQAG7IFCIEC1.jpg,47,11,624,266,3
RQF15OGDI9VS.jpg,46,27,462,324,3
RQQ2AKV9Y07P.jpg,10,30,499,350,3
RQWBS4B4ZUS7.jpg,33,36,409,277,2
RQXAWBKGR1I4.jpg,28,15,493,359,1
RRNMBTLGXUFO.jpg,36,27,606,333,0
RRRSVF7IHB8S.jpg,60,47,438,293,0
RRVP0KHS8086.jpg,34,151,155,218,2;485,155,615,206,2;416,153,500,203,2;364,151,420,194,2;334,136,379,173,2;256,137,338,187,2;197,142,285,197,2;145,140,240,218,2
RTV57EU84W7V.jpg,89,137,575,321,3
RV4TR4LHT1OM.jpg,111,12,404,361,3
RVM76NFQJ7N6.jpg,163,198,567,473,3
RVNJGQQKNYSI.jpg,44,16,640,276,0
RWLWGQZNT625.jpg,62,66,611,363,0
RYOO2NMVM4OW.jpg,75,76,537,346,3
RYW1TB1CWJXR.jpg,0,108,302,339,3
RYWVR05ZDEY5.jpg,6,81,611,421,3
RZ78L4NE9ZAZ.jpg,26,89,586,402,3
RZCLDEUA93HT.jpg,34,23,601,395,3
S0FJIHNHFC1Q.jpg,41,50,449,337,3
S0VH9WYYMFDZ.jpg,18,78,600,374,3
S15CIP2VW8JF.jpg,25,25,395,271,3
S3H03UHRZPCT.jpg,21,23,540,332,3
S3R6VL08X2MY.jpg,75,175,2137,1358,3
S4CVBN3D0O25.jpg,112,119,463,299,3
S4M42V8T8JWJ.jpg,59,6,574,291,0
S50XATMGI413.jpg,26,31,468,345,3
S55ONU10UMVF.jpg,29,3,569,199,0
S58XD3CUOI5N.jpg,55,79,430,254,1
S5HFM51BFROG.jpg,8,33,479,275,3
S66XUD40FJAU.jpg,70,40,595,334,3
S6WMVVQREJBF.jpg,89,82,586,381,3
S77PWVF5KDKH.jpg,42,53,275,173,0;341,59,629,152,0
S7MM2VSGUKTO.jpg,425,127,636,263,3;371,132,456,215,3
S85YJGSNUIFB.jpg,162,15,537,305,3
S8J085NY6UDO.jpg,77,116,435,325,1
S8XKQ45MR1YC.jpg,0,116,561,768,3
S9N9UJQQ5RJ5.jpg,113,20,590,250,3
SBBGTMKFQ377.jpg,196,42,511,323,3
SBWCV3DMCN0O.jpg,186,104,500,278,0
SD0EWCK2UQVI.jpg,52,44,473,280,1
SDLCQ40Y4HFR.jpg,111,94,303,246,3
SEKRU9SELNUV.jpg,31,111,620,391,0
SEKZB64I0FQM.jpg,49,41,451,331,3
SF08O1DUHJGJ.jpg,31,54,237,300,3
SFTWD49E7A2P.jpg,46,50,454,319,1
SGUVZELAI9R4.jpg,18,60,372,368,3
SH1MUXAZTJEA.jpg,23,14,640,407,3
SH8OJ5G49XP6.jpg,66,236,309,493,3
SHBLBYC7179Z.jpg,31,67,256,267,3
SHKDRX6D316D.jpg,94,5,459,370,3
SHXA7UUAGSZR.jpg,37,20,481,318,3
SHYXC5EOVR6V.jpg,18,87,427,343,0
SK4RRPYQA9I1.jpg,147,117,320,375,3
SKGHDYHSJ758.jpg,41,25,488,374,0;289,38,491,174,0
SKK04TF3HK9Z.jpg,46,79,491,344,1
SKZ7BL87GRV2.jpg,100,93,317,197,0;271,108,349,166,0;332,115,393,153,0;386,113,421,148,0;399,124,436,140,0
SLDJV296FZXU.jpg,21,64,568,306,2
SN6GZU0SPFHG.jpg,0,76,604,413,2
SO0QML8EITV9.jpg,34,77,640,357,0
SP5ZIVVBR5GA.jpg,158,218,400,328,1
SPQ2CAATANS7.jpg,292,36,458,233,2;425,50,594,214,2;0,0,378,298,2
SQNLPSU3QQ4H.jpg,30,77,470,337,3
SR1WLBFSGHCJ.jpg,26,37,488,327,1
SRV4O2KG66DC.jpg,11,109,583,475,3
SS5XZMP2K59X.jpg,8,7,634,342,2
STWTSVDSNQ5O.jpg,72,159,529,381,1
SUJ87XRAMUWH.jpg,194,93,393,360,1;128,161,212,275,1;61,162,119,251,1
SV0INF1DKDED.jpg,18,53,415,315,3
SVL45FVT3CM9.jpg,175,30,640,479,1
SWG5P0HFQ4UB.jpg,171,131,429,251,1
SWMX2PSDYJTG.jpg,106,31,414,363,1
SWUP6PTM2CL3.jpg,38,37,489,385,1
SX8BEGZQW5TL.jpg,34,178,300,322,0;446,167,617,297,0;311,178,448,279,0
SX8TS8Z8UJEB.jpg,15,68,433,321,1
SY6OCS2WFO2O.jpg,43,44,418,323,1
SZO5J8JACQZG.jpg,4,50,478,302,1
T10L7TOFDU1X.jpg,51,107,474,296,3
T22IW1C5C2ZI.jpg,62,31,569,316,2
T2471NYBP5Y9.jpg,70,122,581,410,3
T3MAZE72309Q.jpg,200,100,633,365,3
T4QMFYRPL0JL.jpg,79,3,571,218,3
T57H3G7P2880.jpg,77,4,500,319,1
T5L3ON2XT036.jpg,5,102,567,407,2
T5S1PGFJM65F.jpg,37,28,438,350,3
T5UFRIMA5CH0.jpg,265,49,492,277,3
T6F7X18G0PUV.jpg,48,35,454,347,1
T6UXE3VWWRXP.jpg,18,7,478,338,1
T7AZAQXEDISE.jpg,39,164,436,314,0
TADE6SL8DHX7.jpg,15,110,339,308,3;263,126,485,257,3
TATAU02ZR4C9.jpg,85,42,635,321,1
TDJ19QCPNWLN.jpg,60,31,605,329,2
TE1E7335Y1AY.jpg,0,98,595,460,2
TE6HKRKZOQFZ.jpg,0,30,426,298,3
TE8F5LHF529E.jpg,45,75,542,370,0
TEDNBK6VEP85.jpg,34,149,192,245,0;198,108,437,272,1;369,114,469,223,1
THTDHYVFYPG0.jpg,22,129,223,262,1
TIH0A2I36Z5G.jpg,53,92,521,425,0
TIU17H8XJ0NG.jpg,36,38,527,424,3
TJOWIR7MKF74.jpg,132,140,423,263,0
TKCRCAMRAOFD.jpg,3,28,462,417,0
TLS0786JO79G.jpg,230,80,499,272,3
TMNP1I6F7BII.jpg,67,62,476,259,0
TMV0CG9YC2XE.jpg,60,151,613,922,3
TMVROH6ATXUR.jpg,0,81,407,285,1
TNONS1Y4BZWK.jpg,89,13,574,262,0
TOYDUZPB7QU0.jpg,19,50,480,277,0
TPTM392GT7R5.jpg,58,37,447,300,1
TPVTROR35WFT.jpg,11,46,631,389,2
TQH4KICC65L0.jpg,108,17,380,300,3
TR75FQ37878N.jpg,18,58,533,463,2
TSHFX7TXUWA4.jpg,94,102,591,440,1;200,0,605,137,1
TVFPIT4SG76D.jpg,163,235,497,358,3
TW680ARNE0JZ.jpg,83,123,233,267,1;200,104,321,239,1;304,115,410,220,1
TWJ1HSIGWVRL.jpg,39,32,619,262,3
TX238JB9G23P.jpg,27,101,283,286,0;249,107,359,224,0;333,115,391,215,0;375,123,435,200,0
TY7BS6UV0DLD.jpg,39,113,367,257,0
U1PRFWSU434U.jpg,183,86,484,225,0
U6ROTWFABKMF.jpg,256,33,620,316,0
U7H0EPA842SQ.jpg,4,36,500,322,0
U9B0DJE54RS2.jpg,89,19,596,357,0
UA6KV0NFMZKB.jpg,10,60,345,236,0;251,37,595,297,0
UBB0YOFYQ6QL.jpg,79,8,639,323,3
UD0QO57NDMZE.jpg,34,4,545,476,3
UDZRQ1COGGE4.jpg,5,4,489,328,3
UEGF03L89Q9P.jpg,4,63,500,336,1
UEZJTD1AK5MZ.jpg,40,28,500,366,1;404,97,500,380,1
UG0P7LBHK0M5.jpg,46,65,555,364,0
UH6DY1EDDLAJ.jpg,14,42,461,330,3
UHI3PAK3BJY3.jpg,118,129,625,418,0
UIZQ9ELZD7BW.jpg,82,118,611,338,3
UL1ALL3QQDEC.jpg,129,126,322,255,1;273,171,443,286,1
UM6545O89GII.jpg,26,49,473,324,3
UMEBKM05KR23.jpg,78,77,383,287,1
UQ4DBMOAQIW7.jpg,328,141,640,490,0
US7H193CN5MT.jpg,110,112,562,346,0
UTIO9CA9FYYO.jpg,64,188,391,347,1
UTX1LH25QX5P.jpg,132,60,364,286,3
UV3PLP0LNJMQ.jpg,51,85,580,302,0
UWI74KWSN2F7.jpg,65,83,404,301,0
UWLU8J8V78VE.jpg,75,20,406,296,1
UX71PARHXOPL.jpg,50,80,433,317,0
UYJEA735KRRE.jpg,65,65,430,310,3
V29VDWNT6J34.jpg,32,36,474,320,3
V2R3J4Q3AFF6.jpg,173,143,393,253,3
V3DFOURU5BVB.jpg,37,100,449,303,1
V442CRNACB9T.jpg,65,51,463,288,1
V4JHRM67NX00.jpg,42,95,468,317,1
V4QHB5V7P6MZ.jpg,130,245,582,425,0
V59LT8NZRC6D.jpg,42,33,360,171,0
V5BSCQOFNILW.jpg,58,118,359,250,0;274,125,430,208,0
V5M5Z6QXT4K9.jpg,18,11,499,293,0
V6BZC5AVMVZV.jpg,291,256,369,310,3
V797LFA3IUO7.jpg,41,135,288,290,1;314,159,445,250,1
V79AQLF230IT.jpg,50,75,491,282,3
V7AI8WPU2OSN.jpg,39,80,485,340,1
V7RXD6YX2DJK.jpg,44,46,455,351,3
V8GY17MLPS1F.jpg,230,61,563,322,0
V8H6QKCQPFRW.jpg,318,102,500,234,3
V9DOIY8P9S41.jpg,20,41,450,253,1
V9QOSCSIQU8O.jpg,371,153,419,209,1;342,155,377,185,0
VABYVGVS4ALZ.jpg,2,51,463,334,0
VB6R6FWCAUSW.jpg,68,37,468,307,0
VDAU7HIBSR4Y.jpg,32,111,457,294,0
VIA8INXXCUMN.jpg,98,1,529,322,0
VIG89ECS0M8P.jpg,99,38,483,238,0
VKWSN25ENYWM.jpg,89,127,293,244,2;315,123,502,239,2
VLUKO4BV41MK.jpg,31,53,631,412,2
VM4JMSDWMRYQ.jpg,29,100,616,408,0
VMLZ5S8XJUZ2.jpg,100,193,434,356,3;559,227,640,323,3
VN7MHBEAVKBR.jpg,5,82,494,302,0
VO1W4HKTUUEK.jpg,22,58,624,285,0
VQCA5WS9ITSJ.jpg,28,94,284,178,2;301,93,431,208,2
VQSKPX05IQNR.jpg,33,32,449,318,1
VRG15MRZB57V.jpg,20,112,500,313,1
VRTG6DTHL5AC.jpg,38,5,584,224,2
VSC8RO1RVCVB.jpg,145,43,388,274,1
VUMTVF7BIKV1.jpg,131,284,944,677,3
VWCYNG9BYGAI.jpg,60,71,447,277,3
W0BXKM7BGJXG.jpg,58,69,416,290,1
W0DCJJBGMTTQ.jpg,265,101,640,396,0
W0JBC5FJHDCA.jpg,47,142,560,387,2
W0RBEHRM1416.jpg,74,23,466,340,1
W3JM0OE6Z4WX.jpg,17,33,606,364,2
W4LYGXP4JJ7E.jpg,111,144,362,380,0
W57GW7HM8MVY.jpg,33,118,426,289,1
W6DU0SX5QZHA.jpg,210,244,488,450,3
W7D3ONQTFPOC.jpg,69,61,667,441,3
W7VO4I5AU942.jpg,113,237,323,359,2;16,255,90,344,2
W8QWYWOMXP6N.jpg,18,20,564,313,3
W91LEF4KJB6F.jpg,94,241,510,397,2
WAGYNGBQXXER.jpg,71,77,472,304,0
WAIR5EG3BRYC.jpg,51,115,620,377,0
WBNM3SR1M0P6.jpg,6,65,447,325,1
WBX7CRNJ0BB1.jpg,363,145,559,283,0
WCIA8NRMFGUI.jpg,124,133,297,269,0
WE2CHI3TBZ99.jpg,15,13,466,234,0
WG2BH7WTROAA.jpg,37,4,868,521,0
WGA4U313NOQM.jpg,21,61,491,305,0
WGNCSA6G9NZX.jpg,27,61,958,377,1
WHWEIKS700D0.jpg,98,199,585,434,3
WIB7K8QL4S39.jpg,17,101,465,261,2
WILNICORU1EW.jpg,684,385,1793,1047,3
WJ7GGKUL16VR.jpg,17,49,410,198,1
WJSAHSLUZS1T.jpg,74,155,585,362,0
WLWWIUJDQ2LN.jpg,12,24,633,387,3
WPXFQ0TVT2EW.jpg,41,141,199,310,1;282,141,468,320,1
WQ5BRHD73KPC.jpg,54,107,572,404,0
WQCBMH58VIYO.jpg,112,291,168,337,1
WR0UO11YZWUL.jpg,14,40,403,307,2
WS3T7YNP396Q.jpg,1,180,451,420,0;390,192,640,333,0
WSIDP556S4M1.jpg,77,136,579,359,0
WT2YPCJKVSMM.jpg,64,24,451,322,1
WTQDASVCK28G.jpg,13,178,353,374,1
WU1C8Y06IS6X.jpg,49,54,455,299,1;446,94,499,202,1
WUQ5ZVVQX734.jpg,0,69,282,179,2
WVS3T9217C81.jpg,141,163,421,310,3
WVYHWP4864PK.jpg,64,109,557,332,3
WWAA7MQY8TK4.jpg,66,6,429,375,3
WWISZY8TS5SJ.jpg,30,18,466,337,1
WWT3DV7R5MV3.jpg,36,6,477,266,1
WX1OA73W7ZAZ.jpg,169,75,599,371,3
X1CRUX9Y4BHD.jpg,33,73,601,360,0
X2DDN971HH2S.jpg,43,51,757,549,0
X4DSDGSKA06M.jpg,36,13,529,282,3
X50PB2GG8TG2.jpg,14,97,606,398,2
X867YX2H1MRI.jpg,32,95,462,313,0
X8RZ0502KPQS.jpg,109,44,347,188,2
XBUQPBSIUPCQ.jpg,11,34,640,458,2;1,101,130,309,2
XFCAQALI12Z1.jpg,39,64,615,275,0
XFDXH5RTFWKE.jpg,52,92,460,330,0
XISI81HW12JW.jpg,54,8,533,201,2
XKN9Z4US26GG.jpg,10,98,477,312,1
XL32CB6YQKFM.jpg,35,78,572,420,2
XL6B0FU1LQHL.jpg,37,47,470,329,1
XMC54ZI3DXG9.jpg,0,17,487,346,2
XMO06C98N1ZN.jpg,125,22,527,313,0
XMZTJ1C85GVY.jpg,164,164,653,440,2
XPAK3I41MUH1.jpg,18,65,639,335,0
XQ3FODLOJ9AG.jpg,52,69,453,366,1
XWSLR56OSLKG.jpg,27,93,634,427,2
XX38F3WCS556.jpg,29,64,438,375,0
XZDDNM2M3220.jpg,172,55,509,295,0
Y10DZE0LEXPC.jpg,24,49,465,312,0
Y1631X5JH7TO.jpg,48,85,468,305,1
Y1B1BAX5JCU4.jpg,37,72,416,274,1
Y27N1VN6PQ8S.jpg,58,31,448,330,3
Y5KNQ2Z2FJK5.jpg,41,22,456,333,0
Y7DHO4GU6OA6.jpg,58,36,458,339,1
Y808EKUHQXDI.jpg,20,145,640,437,2
YCZEFMKSCCYF.jpg,12,37,640,380,3
YE4UJ0KATL8X.jpg,11,8,636,406,2
YG4AJDD7FN2U.jpg,3,94,600,370,0
YGKFO4I25N53.jpg,3,88,486,303,0
YGLSLHPX5BXF.jpg,160,113,345,333,3
YH0EBHMX4KWD.jpg,36,102,313,338,1;295,136,426,293,1
YIX1LMN7SY69.jpg,20,76,640,394,2
YLZL8QF06XJN.jpg,48,93,593,445,0
YPL4FT20JMKT.jpg,23,93,500,299,0
YRSMNRQV079F.jpg,58,75,431,291,0
YXWART7YZ91W.jpg,18,17,623,290,2
Z0MZ9W6K4F03.jpg,42,5,468,319,1
Z8I4W4F8SWGH.jpg,58,153,213,303,0;258,112,571,333,3
Z93UQ0GCRBKI.jpg,62,22,602,309,0
Z97GUHHPXC6K.jpg,29,40,800,408,0
Z9HO2JNMW532.jpg,78,139,638,445,0
ZALMBPDTFHN7.jpg,7,108,544,516,0
ZF7BYUM9MY75.jpg,186,96,613,324,3
ZFA8DCEPNFB3.jpg,29,52,581,370,0
ZG52WJ9D60DI.jpg,3,47,635,379,2
ZGE8ZV98H1HG.jpg,14,83,639,362,2
ZIBJTIWQXPI9.jpg,126,115,287,286,2;283,126,551,245,2
ZOME98QFC7CD.jpg,123,33,596,503,3
ZS8WR4XQDULD.jpg,80,32,586,479,2
ZSM800YLXUB5.jpg,216,136,468,300,1
